idx,rank,query_id,gt_id,ret1,ret2,ret3
0,0,9089,23314,23314,21596,28007
1,3,1938,27687,25256,25365,25213
2,0,11597,18968,18968,16324,16121
3,0,1165,20380,20380,15837,18892
4,143,10544,17697,21376,17028,22687
5,0,10869,19509,19509,20224,23685
6,0,12217,20725,20725,16724,20980
7,1,10201,27701,29553,27701,17411
8,0,10757,25068,25068,26522,24377
9,0,11942,22376,22376,23131,23251
10,0,781,15732,15732,28568,26946
11,0,1061,26052,26052,27391,28509
12,4,9773,21422,17619,20023,22710
13,0,8907,19722,19722,15324,22237
14,0,6946,22355,22355,19059,22489
15,0,1494,24749,24749,26428,25155
16,124,13710,26252,24034,28323,26347
17,148,12767,24718,29160,19304,27669
18,0,3272,28311,28311,28791,24820
19,0,7289,20127,20127,16186,22581
20,0,9055,23852,23852,26969,26223
21,0,5679,23652,23652,18608,29888
22,10,12691,30086,29318,30093,30038
23,0,12595,17013,17013,19310,21935
24,0,883,28353,28353,27687,27851
25,1,3388,28734,24968,28734,27126
26,0,12100,27108,27108,29453,23952
27,10,1900,23173,16340,21617,19144
28,0,10050,27288,27288,29170,25264
29,0,10211,25763,25763,27971,24585
30,0,3836,21835,21835,15499,20296
31,0,13414,25251,25251,26907,29486
32,0,5029,21956,21956,21506,16516
33,0,8865,23614,23614,22113,21310
34,0,4657,27492,27492,28947,22966
35,4,6810,20448,23432,19667,25645
36,0,7082,15098,15098,28399,28984
37,104,9931,23738,26347,25753,24896
38,0,4445,28212,28212,19722,25995
39,127,3277,22895,21543,15871,19284
40,1364,3741,17161,19144,21376,21626
41,248,3766,21742,22848,28363,17467
42,0,11711,16768,16768,22618,19879
43,58,13594,27865,28350,28947,26534
44,0,5418,22602,22602,22954,26500
45,0,7901,25849,25849,25338,27885
46,0,8822,24097,24097,27491,21152
47,0,7016,19898,19898,15784,15675
48,0,10080,21099,21099,17007,18611
49,1091,8869,18606,21267,18589,17650
50,0,3707,17467,17467,17302,18342
51,5,10193,21943,22039,19120,16391
52,0,11731,23814,23814,26733,26913
53,0,2506,25934,25934,27075,24459
54,0,11403,26766,26766,28889,20051
55,0,9996,23859,23859,29771,29640
56,0,4537,15656,15656,21226,29441
57,0,4565,23375,23375,22518,23674
58,0,4951,29209,29209,28080,29484
59,0,8715,24656,24656,23500,29869
60,0,314,15238,15238,19912,15253
61,1,11117,30025,26079,30025,25860
62,0,4500,16493,16493,20763,20382
63,0,4469,29286,29286,26769,28912
64,0,7385,24326,24326,25190,25409
65,11,3724,24598,28056,15127,26806
66,0,3260,29052,29052,21879,27255
67,0,2349,26954,26954,29812,24707
68,0,4908,29930,29930,30005,30031
69,0,11147,23928,23928,23837,24814
70,0,6401,29154,29154,24886,19376
71,0,6301,19619,19619,16199,28481
72,85,4570,22328,16274,21741,15967
73,3,10070,20051,18606,23413,16464
74,0,1315,26672,26672,27931,27255
75,0,1432,24226,24226,18882,25798
76,5,8173,29478,29246,29107,27191
77,0,11278,23571,23571,17442,23047
78,3,3931,30319,30198,30333,17053
79,0,9202,24463,24463,26144,25261
80,0,5921,26481,26481,23998,25421
81,0,10228,29277,29277,18664,25627
82,0,13048,25347,25347,27385,26534
83,0,8537,26907,26907,25251,24177
84,0,12101,24154,24154,27731,25835
85,0,6872,29451,29451,22538,24071
86,0,123,21229,21229,17067,16627
87,0,7273,17653,17653,20223,17161
88,0,9100,24730,24730,24312,27362
89,71,3134,24804,26212,24228,26347
90,0,8403,29267,29267,21596,29086
91,0,5184,29740,29740,27104,27694
92,0,6177,27868,27868,24462,27827
93,1,782,27152,29083,27152,28973
94,0,4552,25959,25959,16268,25161
95,0,14423,24575,24575,19196,20900
96,1,9880,29047,29294,29047,24532
97,0,2950,25483,25483,25261,25051
98,1,8651,19016,16139,19016,18718
99,0,7418,26404,26404,26403,20590
100,158,8167,15072,24380,30115,26817
101,0,14139,25722,25722,21742,24341
102,49,8764,15827,21134,20392,20448
103,0,10679,18112,18112,21931,22687
104,8,7225,27168,24384,25046,24328
105,0,12626,26403,26403,20590,26404
106,0,4525,20110,20110,20250,20448
107,0,3031,25727,25727,24884,25421
108,1,3204,24034,29246,24034,29107
109,0,3221,18483,18483,30099,19527
110,0,4980,26437,26437,24116,25884
111,0,10829,29640,29640,29632,29639
112,239,6708,28790,23777,27703,29044
113,1,9238,26498,25815,26498,27660
114,117,5529,16578,17161,16403,19067
115,0,3762,21689,21689,15886,20701
116,0,2941,20934,20934,16335,22300
117,0,12266,27496,27496,28590,26390
118,0,9020,29008,29008,22687,23200
119,198,8250,28962,27084,25967,25660
120,0,8660,27102,27102,25856,28354
121,0,6102,24920,24920,28762,21118
122,0,13940,26011,26011,25860,28679
123,0,7395,29393,29393,22422,29026
124,2,14152,24245,26075,25884,24245
125,0,9411,20658,20658,21562,18264
126,0,11750,22564,22564,16528,19368
127,1,9508,27910,24588,27910,28481
128,1,14567,28195,26676,28195,27880
129,0,1413,23993,23993,25017,27500
130,183,5393,23047,22339,19111,17842
131,19,3536,30279,27971,15419,17028
132,0,10345,19128,19128,20707,25627
133,0,1123,28179,28179,27379,27891
134,0,4771,22431,22431,24628,18987
135,0,2935,15863,15863,16792,22422
136,0,3908,26087,26087,29387,28858
137,0,154,24981,24981,24056,25203
138,0,9643,20167,20167,24060,23293
139,0,4782,24961,24961,27255,27779
140,0,7759,27120,27120,28156,28713
141,0,9986,29457,29457,26235,18281
142,0,5180,29229,29229,29274,29250
143,0,8647,27011,27011,27772,27922
144,0,10622,28972,28972,28547,29663
145,0,1766,15894,15894,15673,18991
146,0,2528,25188,25188,30306,27023
147,0,14573,25162,25162,26270,24312
148,0,9831,21616,21616,21662,20758
149,0,6813,23104,23104,18611,26148
150,0,9953,25940,25940,27609,24323
151,0,1499,29408,29408,27713,29532
152,0,6656,25480,25480,25255,28962
153,0,4335,27056,27056,29160,27669
154,0,11831,26220,26220,28408,24884
155,0,10862,26655,26655,28510,26390
156,37,14310,28423,25875,27391,28509
157,0,13352,26888,26888,25861,25298
158,0,9264,20342,20342,22430,17834
159,0,12948,27450,27450,24985,24579
160,0,13911,25534,25534,24232,25220
161,0,2258,27311,27311,26983,29742
162,9,1115,15920,19067,30279,22912
163,191,5083,29907,18015,22357,29409
164,0,10029,23357,23357,22132,19215
165,4,12925,28642,28481,27385,25689
166,0,11574,26763,26763,29420,28510
167,0,2243,29299,29299,29153,28961
168,0,13330,26733,26733,23814,26913
169,2,2560,29294,29047,24349,29294
170,0,7961,25805,25805,15035,27973
171,0,9496,20920,20920,15363,26355
172,0,4544,28464,28464,16192,29373
173,0,14159,22715,22715,19918,21370
174,0,8401,18440,18440,30318,16903
175,0,680,16095,16095,28383,19059
176,1,7981,25031,26059,25031,26308
177,0,12316,27115,27115,30121,30093
178,0,1795,15991,15991,16035,15629
179,0,9743,24116,24116,26437,24896
180,0,5275,20981,20981,23632,30287
181,0,5747,29938,29938,30006,30066
182,1,12670,17969,19424,17969,19104
183,2,11161,18576,23063,16261,18576
184,0,9821,17431,17431,15336,19069
185,0,6669,19320,19320,17306,21597
186,17,9852,20559,21395,29844,23426
187,0,5033,28305,28305,26348,27466
188,0,14359,30258,30258,29861,15673
189,0,5433,20020,20020,22177,19172
190,87,13607,27977,24175,24380,26347
191,240,9793,23432,21267,22110,20389
192,0,387,29608,29608,28538,28398
193,1,4920,23632,22213,23632,19888
194,0,3211,19337,19337,17442,19627
195,0,8475,25503,25503,27019,28626
196,0,7301,27525,27525,24359,28509
197,0,7636,17050,17050,21922,16464
198,0,11832,23094,23094,22328,20583
199,0,142,25884,25884,26075,24245
200,0,6730,20532,20532,15373,20043
201,95,14857,23964,27322,28115,25075
202,21,627,17291,21617,16340,19144
203,1,7974,25908,24214,25908,24727
204,0,7005,28568,28568,15732,26545
205,0,5600,21280,21280,20814,19330
206,0,3150,19319,19319,18342,15461
207,0,10653,25768,25768,29160,28589
208,0,6724,19205,19205,19676,15979
209,0,1141,15172,15172,15213,24027
210,5,9397,26565,29066,27880,25447
211,0,1317,28482,28482,29565,26672
212,0,2050,30347,30347,25203,29528
213,6,10868,21338,21935,29645,28477
214,0,3178,18087,18087,17302,18342
215,6,13890,25889,25527,25656,24030
216,0,9543,27655,27655,26638,19341
217,66,7964,22538,24849,25577,19490
218,0,9003,29170,29170,27288,26083
219,0,130,24791,24791,19547,25840
220,31,9525,21816,22786,17037,16220
221,0,8529,26479,26479,24026,28726
222,0,14569,15066,15066,26252,26177
223,0,7732,29633,29633,29639,15827
224,0,6575,26247,26247,26672,16596
225,186,13068,22616,16464,17903,19772
226,0,10915,22553,22553,16695,23094
227,0,10927,16695,16695,23623,22553
228,0,13077,21572,21572,16275,19337
229,0,2370,27335,27335,30214,20081
230,0,5446,29065,29065,26421,29742
231,0,2924,17769,17769,28587,22656
232,0,4528,21521,21521,19280,19305
233,2,13972,17990,20725,17629,17990
234,1,13860,20296,17523,20296,18137
235,0,10673,20975,20975,22368,15967
236,0,5718,22223,22223,19654,21868
237,0,11120,23980,23980,26606,26549
238,1,10933,17777,18447,17777,21720
239,0,12389,15019,15019,14969,30267
240,473,13252,24701,30134,26465,29453
241,0,1344,24550,24550,29938,29958
242,0,12059,26840,26840,29612,27010
243,0,11484,26913,26913,28654,23814
244,0,7147,15493,15493,22999,28726
245,3,419,29852,25753,25203,25113
246,0,5451,27104,27104,29740,28696
247,0,6246,22250,22250,21328,27887
248,1,13699,25660,25101,25660,29373
249,0,10955,18803,18803,19772,23411
250,39,8610,15373,19111,17842,22339
251,0,6533,23224,23224,16627,22724
252,0,6737,25985,25985,28396,26314
253,0,2973,22088,22088,20557,20412
254,3,6080,30333,17053,19144,30198
255,0,7441,26079,26079,17638,30025
256,0,9228,16511,16511,17717,15712
257,0,3251,27053,27053,25200,24598
258,21,13564,29453,29668,25197,29653
259,0,6456,25883,25883,29812,29801
260,0,13720,26504,26504,25515,27445
261,0,11911,29939,29939,21465,30064
262,0,9022,29544,29544,23314,29146
263,0,14583,25078,25078,25220,27039
264,4,4610,27191,24820,28750,29107
265,0,6424,27215,27215,15127,28056
266,0,9357,28898,28898,25640,21108
267,0,1719,18889,18889,21739,18631
268,0,4073,15771,15771,29408,27713
269,0,6253,26638,26638,23060,27655
270,0,14189,22954,22954,26500,22602
271,0,5866,17820,17820,23623,18611
272,194,7849,16324,18575,15374,19314
273,107,939,25017,26703,15053,28947
274,0,6783,20243,20243,22137,18256
275,0,5601,26983,26983,27311,29742
276,0,10652,28912,28912,25488,24029
277,1,9457,23588,22328,23588,22556
278,1,9713,24413,24412,24413,25659
279,0,5474,26325,26325,28328,25699
280,0,7527,17266,17266,19000,18590
281,0,6947,30066,30066,29938,28194
282,0,8189,22594,22594,19642,21960
283,0,5131,28219,28219,29708,25617
284,0,7801,15001,15001,29663,28246
285,0,7748,20579,20579,21622,29588
286,0,11634,18575,18575,20579,16199
287,12,8909,29373,27363,29420,27852
288,3,12637,25854,26602,24369,26177
289,0,7057,17429,17429,22527,18611
290,0,6643,22724,22724,23224,15746
291,8,10837,22472,19185,23096,20224
292,0,7838,17310,17310,19501,17516
293,0,4501,28713,28713,23898,29574
294,18,13565,24757,27922,27283,25164
295,17,5341,23674,21816,17650,16387
296,7,8993,23494,19734,21108,28898
297,0,1585,19667,19667,23432,22004
298,8,12393,22970,29170,20407,19772
299,0,3182,29848,29848,25113,24896
300,0,3946,23898,23898,29574,27201
301,1,7962,15035,25805,15035,25338
302,0,12825,27584,27584,27583,27397
303,17,14430,28589,26177,25854,26602
304,0,12009,27417,27417,26992,26288
305,0,5380,23210,23210,19024,22012
306,552,12492,28949,27066,30152,29096
307,0,1561,21597,21597,15793,19320
308,0,12996,21601,21601,18088,23261
309,0,10637,29632,29632,29640,29639
310,16,10460,21152,19734,28898,29578
311,0,561,26133,26133,25755,25261
312,0,2814,20609,20609,24550,15850
313,0,3860,24476,24476,27196,23980
314,0,3712,23469,23469,19022,27758
315,0,12192,22728,22728,29011,20707
316,0,4303,26946,26946,26855,26208
317,0,4456,15725,15725,22862,17871
318,0,7026,22585,22585,16186,22006
319,0,6434,15254,15254,19804,22948
320,0,8284,18645,18645,21556,28215
321,0,1334,21951,21951,21601,22928
322,0,11937,21431,21431,16758,16403
323,0,13125,22757,22757,16306,22349
324,2,10028,21794,21328,27803,21794
325,0,3810,18052,18052,19341,22113
326,0,458,26793,26793,29606,28340
327,2,12460,20286,22493,21036,20286
328,702,9267,24369,28973,29083,28215
329,0,13574,20302,20302,27520,26674
330,0,6642,25683,25683,24133,28150
331,0,13148,25807,25807,17718,29146
332,0,10979,21961,21961,19322,15493
333,1,3320,28585,26856,28585,29486
334,536,7792,22527,21039,23392,29339
335,52,10217,18320,23578,19981,16434
336,62,8671,27583,26817,30115,24380
337,16,11433,28399,28128,27010,29612
338,0,6,17981,17981,18413,30254
339,0,6077,16132,16132,20033,16483
340,0,5026,28340,28340,29069,28486
341,240,4746,22554,18087,17302,18342
342,0,11058,28520,28520,27404,27064
343,3,6876,27945,15053,15052,27841
344,770,14534,25917,27945,14962,25264
345,37,3027,21328,18844,18087,21001
346,0,8007,28443,28443,24025,23883
347,0,1306,29561,29561,28133,29484
348,0,13481,25364,25364,28466,26601
349,0,2417,22977,22977,26136,28384
350,0,1717,21886,21886,19549,19281
351,0,3865,18121,18121,28445,17376
352,0,12223,27198,27198,27124,28393
353,18,2620,30214,25203,20696,20514
354,0,12110,28903,28903,26438,25499
355,0,5727,28234,28234,21776,24754
356,0,9271,27982,27982,26939,21959
357,0,1699,18164,18164,15712,20609
358,0,11966,26668,26668,24795,27039
359,0,2346,28590,28590,29603,27070
360,143,13568,29071,24380,30115,26817
361,0,2757,20758,20758,15217,23099
362,0,2977,15005,15005,15629,19069
363,0,14420,26712,26712,27088,27011
364,2,8487,20081,18865,18575,20081
365,0,4598,24133,24133,27107,25683
366,0,10202,19926,19926,23239,23635
367,194,11658,23889,17650,30319,25103
368,0,110,27758,27758,19022,23469
369,0,121,23916,23916,26153,27803
370,0,6263,24930,24930,24027,27803
371,899,1401,16273,21342,17580,17442
372,0,875,25433,25433,26806,26911
373,0,13647,26270,26270,25162,28830
374,0,7903,25232,25232,28553,25130
375,0,8851,24967,24967,26149,23200
376,0,1228,18363,18363,22564,19368
377,22,10656,28442,24329,30038,24205
378,0,2183,16637,16637,19373,15976
379,11,14523,22368,22480,22708,19217
380,0,6458,27040,27040,25530,25545
381,0,2433,27507,27507,25616,24652
382,0,9667,14997,14997,25589,15470
383,0,4172,23143,23143,16944,21134
384,0,5295,26292,26292,26966,25261
385,0,7127,18025,18025,17376,29471
386,0,2000,20800,20800,16529,16264
387,0,11678,26250,26250,29381,26545
388,0,7203,21354,21354,20511,21121
389,2,14275,27971,25600,27276,27971
390,503,13761,26856,24896,27066,25113
391,0,8246,15265,15265,18575,25499
392,102,4022,22592,18591,30335,19596
393,0,3660,26160,26160,24032,24408
394,5,2308,25901,19879,16768,29735
395,23,13253,24613,25955,27788,27362
396,0,9433,16700,16700,22443,19217
397,0,8414,24773,24773,24589,24872
398,0,4494,26769,26769,29725,29495
399,1,4770,20830,17302,20830,20551
400,8,14133,29024,15736,25773,27785
401,0,2317,25120,25120,24032,28888
402,0,9947,24696,24696,27497,28696
403,0,4010,15443,15443,19626,22006
404,0,213,18137,18137,16242,19474
405,0,6086,25925,25925,24197,24599
406,91,11742,27520,30134,28766,29453
407,6,2999,27322,26735,28361,20232
408,0,5758,28572,28572,15197,27010
409,0,10904,26489,26489,25206,29484
410,0,11467,26622,26622,25494,27108
411,0,4795,25754,25754,28790,28585
412,0,5872,26585,26585,26934,21370
413,0,8577,18413,18413,21226,24902
414,3,6194,18005,16516,21191,20407
415,4,10950,30090,18164,24380,28000
416,0,10727,26735,26735,28361,28549
417,8,6288,29486,29263,27778,24590
418,0,1225,21001,21001,17302,20551
419,0,11238,28549,28549,26735,24071
420,0,12563,27064,27064,21929,28520
421,0,1629,24111,24111,27655,24444
422,1,12928,15419,17291,15419,23011
423,0,3982,19575,19575,19284,25101
424,0,13850,24823,24823,28408,27168
425,0,5922,28082,28082,27025,28636
426,0,10167,25129,25129,26613,23738
427,2,13981,24280,24050,26493,24280
428,57,13541,24071,29578,25640,29555
429,0,4098,28665,28665,26653,27766
430,8,6409,23065,17962,21280,21959
431,205,6616,15824,30214,27335,20081
432,0,11112,25606,25606,23717,25220
433,0,1845,23523,23523,21739,18631
434,0,2013,22075,22075,20762,19205
435,0,2652,18892,18892,15837,18575
436,0,3608,28432,28432,29081,30086
437,73,2041,28553,29517,15230,15254
438,0,13576,27504,27504,25421,24754
439,0,8933,24927,24927,29948,29958
440,16,2588,16306,15003,18608,30267
441,191,9550,22885,19341,20666,29544
442,0,9868,30233,30233,25203,22970
443,0,9691,29495,29495,25627,28528
444,0,1813,22540,22540,17307,19000
445,59,14682,28128,28589,23772,26170
446,0,1468,15614,15614,19475,20924
447,0,7145,15415,15415,16516,18005
448,0,1972,25213,25213,25365,25256
449,0,8095,29354,29354,17752,27168
450,0,1284,22110,22110,21267,20389
451,0,4043,18407,18407,19770,20111
452,0,6407,27869,27869,27343,25755
453,276,14697,29873,27066,23310,24323
454,0,8118,18586,18586,23557,19790
455,1,4814,24968,28734,24968,23588
456,0,774,16039,16039,25221,17371
457,11,7567,17516,15824,20927,20664
458,0,10218,27184,27184,25376,25680
459,0,2052,22245,22245,28914,21675
460,26,8549,22639,23247,22849,21134
461,0,14518,27522,27522,26734,26977
462,0,12763,17324,17324,27779,27610
463,0,10584,15374,15374,22368,20127
464,87,7744,25113,24071,27479,27617
465,0,13391,29270,29270,29454,30066
466,0,4399,17305,17305,24663,15373
467,0,6885,25730,25730,19482,27722
468,0,8490,20823,20823,18195,23209
469,0,11515,18865,18865,20938,23426
470,0,2678,27730,27730,16507,19578
471,73,582,17779,22527,17429,18589
472,0,14157,27939,27939,21725,22626
473,0,1545,25790,25790,23200,25261
474,0,13601,23578,23578,19952,19981
475,0,1711,25250,25250,27207,29000
476,63,5133,21342,22800,21562,29907
477,0,4377,29081,29081,28432,22293
478,1,3406,25835,27731,25835,24102
479,0,13674,24062,24062,24329,24757
480,0,7286,27221,27221,21328,24900
481,0,8262,27228,27228,25261,25530
482,0,2906,16207,16207,29147,15413
483,9,7763,15624,23429,22073,22616
484,0,7955,16825,16825,29183,23907
485,0,2945,18893,18893,21204,19144
486,0,446,27887,27887,22250,26421
487,0,2193,20223,20223,17653,17161
488,0,10092,28481,28481,24799,27910
489,0,970,27025,27025,28082,28825
490,0,1955,21562,21562,22423,22800
491,0,6935,28869,28869,28482,25627
492,5,12445,27682,28642,24757,24449
493,0,9709,24359,24359,27525,25447
494,0,10405,20291,20291,22656,17332
495,0,4406,22796,22796,28473,16688
496,0,14097,26212,26212,28536,25101
497,0,7416,20887,20887,20015,20825
498,0,5503,25200,25200,27053,24598
499,0,5710,20309,20309,22656,19772
500,0,8845,29096,29096,28323,24034
501,0,12886,19828,19828,20392,21134
502,0,913,24056,24056,24981,24034
503,0,8749,25461,25461,29468,22885
504,0,8655,24197,24197,25925,29606
505,0,2032,21370,21370,27589,17991
506,0,4773,26452,26452,25287,25627
507,0,9047,24912,24912,24886,27945
508,0,6948,26545,26545,28568,26250
509,0,10314,27567,27567,30086,28304
510,1,9644,28384,28721,28384,25308
511,0,8623,26792,26792,27201,26708
512,0,5399,15251,15251,29873,23952
513,0,1864,18361,18361,16794,23759
514,0,8329,26421,26421,29065,27842
515,0,4964,25545,25545,25530,27774
516,1,3514,22237,21315,22237,19067
517,36,2538,23772,26672,27835,30318
518,0,11134,24814,24814,23837,23928
519,0,219,29886,29886,30320,29873
520,3,10782,28654,28391,24757,25409
521,0,10481,23947,23947,24470,25417
522,0,2905,28720,28720,28819,17312
523,48,13358,21347,16464,20473,23137
524,13,13668,27609,24467,25298,25861
525,0,11631,26660,26660,27609,26674
526,0,2500,29274,29274,29250,29229
527,0,9263,22618,22618,24099,23907
528,0,5441,26043,26043,29453,25995
529,0,10889,30001,30001,25324,20099
530,0,13953,25264,25264,14962,24663
531,35,9086,27475,26703,15053,15052
532,0,8484,26689,26689,29209,28080
533,0,9169,15563,15563,20924,19040
534,0,525,22713,22713,21931,18982
535,0,1803,22493,22493,22445,21036
536,0,10048,25507,25507,27941,28520
537,0,1659,15232,15232,25113,27283
538,0,6476,23998,23998,28048,26481
539,0,14431,26162,26162,24612,24025
540,192,13271,24585,15161,27034,26399
541,0,10371,22028,22028,26963,20389
542,0,12416,23845,23845,24987,25409
543,0,14726,23907,23907,18575,15265
544,0,8508,28547,28547,28972,29663
545,14,1223,24323,21681,26763,27034
546,0,2182,30335,30335,16637,21626
547,338,1510,23413,16886,19772,23099
548,0,1237,18195,18195,23209,20823
549,0,3071,28685,28685,28684,24026
550,0,1122,28425,28425,27379,28179
551,0,793,27382,27382,29461,24902
552,0,6728,24770,24770,28242,27406
553,0,3923,18511,18511,19153,19474
554,0,13524,26054,26054,24804,24602
555,2,5709,27406,26599,26844,27406
556,0,7923,28932,28932,28328,26873
557,1,10370,16619,16516,16619,21191
558,0,2894,18342,18342,15461,17291
559,0,2649,29201,29201,27170,25496
560,0,1933,18625,18625,19708,15787
561,0,14529,14970,14970,27416,29318
562,0,11869,28119,28119,28819,17312
563,0,2107,15413,15413,16207,18629
564,0,5707,16335,16335,22300,17943
565,0,2100,24098,24098,24938,24138
566,9,9847,21118,28363,22848,17467
567,0,4028,28169,28169,29366,22935
568,0,7246,28830,28830,25261,24884
569,0,11418,19549,19549,18415,21886
570,0,4970,19772,19772,22137,15419
571,0,12356,14969,14969,30267,15003
572,0,7032,18348,18348,24422,17629
573,27,992,25753,26708,26347,27167
574,0,6003,26785,26785,28215,27803
575,14,7348,26708,24278,28482,28080
576,14,9810,29429,25815,29478,26498
577,0,8138,25723,25723,28528,27144
578,0,4798,29651,29651,16434,15736
579,17,14134,20407,21889,23599,20224
580,0,14463,25170,25170,25409,25955
581,3,2360,23426,18700,21622,17387
582,0,619,19059,19059,22355,19669
583,0,2055,29471,29471,18535,18025
584,0,8265,29631,29631,29659,21328
585,36,12454,28391,27852,19841,29300
586,13,12270,29481,29066,27880,28591
587,0,6716,27548,27548,24902,22422
588,0,10602,20938,20938,23400,15969
589,0,1731,27694,27694,29447,26738
590,0,9326,29840,29840,21920,20830
591,0,13045,20526,20526,23525,23170
592,0,13535,21144,21144,29903,20473
593,0,2257,28766,28766,27322,27680
594,7,2537,21652,30287,30347,15373
595,0,10436,28242,28242,24770,28374
596,0,3062,28684,28684,28685,29489
597,0,6009,27068,27068,24544,24062
598,0,11382,29236,29236,25409,27168
599,0,11162,22574,22574,21720,20583
600,0,12434,25720,25720,21191,26309
601,0,6560,29528,29528,29328,28590
602,0,634,26844,26844,26599,27201
603,1,9949,15140,25349,15140,26961
604,36,12959,30038,24329,30093,24205
605,2,7547,26493,25805,15035,26493
606,1,5497,25312,26328,25312,25055
607,0,2110,25157,25157,20286,26115
608,0,5205,25417,25417,27708,23947
609,0,7999,15217,15217,30001,28875
610,0,2342,28961,28961,25264,28391
611,0,2774,22173,22173,16733,18428
612,0,12632,20958,20958,18005,20407
613,0,7852,27481,27481,26147,30272
614,0,10713,21918,21918,16642,21310
615,0,8768,28856,28856,27201,25840
616,1,12816,28032,30146,28032,29790
617,0,3645,22466,22466,20473,22593
618,0,6822,15831,15831,15472,26167
619,0,6251,29659,29659,29631,21328
620,1,12779,27594,26935,27594,26346
621,0,6620,20043,20043,16028,16272
622,0,8218,28570,28570,15078,27796
623,10,9799,20224,20551,18342,17302
624,2,6754,19888,19024,21652,19888
625,0,7531,25445,25445,24938,24884
626,0,11362,26894,26894,24608,28346
627,0,1679,28156,28156,27120,29011
628,0,2329,16264,16264,26966,20311
629,1,59,24384,25046,24384,28679
630,44,12417,16434,21626,16094,30335
631,0,5668,25650,25650,24992,26690
632,0,8943,27911,27911,27704,23251
633,0,5322,28919,28919,25645,28074
634,12,2957,27957,27910,28180,24588
635,28,3232,23700,21191,30152,17751
636,0,14761,30242,30242,30261,15722
637,0,7578,28762,28762,29142,20980
638,0,9469,26261,26261,29248,19192
639,0,14317,20128,20128,17842,26347
640,0,10963,27536,27536,27520,27773
641,0,8352,28453,28453,28107,24214
642,0,1702,17214,17214,27541,15656
643,1,2212,25640,28898,25640,21108
644,0,10910,24838,24838,24585,28654
645,0,13039,19104,19104,19424,17969
646,0,6093,23238,23238,21543,21773
647,36,5455,23514,29840,21920,16747
648,0,5148,15462,15462,20099,30001
649,0,7983,18800,18800,15965,23063
650,0,7771,21576,21576,27756,20392
651,0,3426,26740,26740,20453,26983
652,4,1059,15161,25113,15232,24896
653,0,7607,21622,21622,18700,17387
654,0,2252,22461,22461,23632,20311
655,86,7619,19887,19671,22178,15877
656,0,13717,24992,24992,25650,21267
657,0,3489,16186,16186,20445,20048
658,0,3609,23068,23068,24216,18293
659,0,12166,19114,19114,28949,15472
660,0,5963,21320,21320,22459,25964
661,0,7274,17903,17903,23411,16578
662,0,9191,22781,22781,19509,17662
663,0,6149,26144,26144,20583,24463
664,2,4740,25055,25312,26328,25055
665,0,5685,19827,19827,20146,23096
666,3,4163,19850,15675,15784,21495
667,0,2291,17065,17065,20303,21626
668,0,12404,27497,27497,24696,24884
669,0,7590,28603,28603,29209,29561
670,0,14419,25207,25207,25208,24177
671,0,10284,24156,24156,25304,24664
672,0,2836,18631,18631,21739,23523
673,0,11399,26613,26613,28824,25129
674,4,14055,23293,17629,17990,18005
675,0,2459,25577,25577,24849,28361
676,0,8383,19627,19627,18281,19319
677,0,9146,15532,15532,18483,20081
678,0,4804,25915,25915,21022,27023
679,0,4766,24365,24365,29914,18365
680,0,9678,19527,19527,18683,18483
681,0,14100,14978,14978,23807,29066
682,418,3154,25097,15053,27841,15052
683,0,11361,18908,18908,20012,20768
684,0,6582,24529,24529,28229,29302
685,2,1688,16139,18718,19016,16139
686,0,8282,21130,21130,16039,20579
687,0,13430,25964,25964,26926,22459
688,0,13215,29113,29113,29138,24599
689,0,3789,23239,23239,19926,23635
690,0,6794,23621,23621,19310,17751
691,0,4510,17387,17387,22357,21622
692,0,9775,24815,24815,24635,27865
693,2,10245,27660,26498,25815,27660
694,0,9373,25728,25728,22423,27167
695,111,5189,22870,30198,30333,17053
696,66,4320,18313,22870,19841,23411
697,85,4026,25203,22970,29578,20696
698,1016,2292,15675,20522,21495,21758
699,11,2078,26072,28280,29246,27191
700,0,7427,19715,19715,20250,20110
701,0,12785,26852,26852,25215,23993
702,63,7253,28874,24380,30115,25113
703,24,3125,16747,21868,27803,27168
704,0,9449,26788,26788,24421,27256
705,0,9904,25939,25939,24477,24884
706,19,10835,24349,24032,28984,23889
707,0,1285,21892,21892,19720,17650
708,0,5191,29392,29392,29105,27941
709,0,14753,29922,29922,24936,29668
710,0,5958,19869,19869,17266,15634
711,0,4846,27491,27491,29069,25236
712,0,2518,18982,18982,17154,26355
713,2,10518,27324,26138,27809,27324
714,0,7407,18771,18771,16251,27255
715,0,5034,24769,24769,23683,28043
716,0,2254,15253,15253,15164,19912
717,0,14594,25955,25955,27788,26900
718,0,739,25365,25365,25213,25256
719,0,14002,25907,25907,26565,25917
720,0,2386,26599,26599,29078,26844
721,0,10654,24057,24057,23855,26240
722,0,3629,17709,17709,19079,17377
723,0,9960,16739,16739,17197,23200
724,0,14648,30163,30163,27775,26734
725,0,10148,27695,27695,25342,27923
726,0,8635,26139,26139,27084,25720
727,0,3607,18101,18101,19022,23469
728,0,11258,19519,19519,23047,18882
729,0,11046,26549,26549,26614,27014
730,0,296,27362,27362,28509,26900
731,0,14281,25214,25214,25220,28510
732,1,2650,29107,28750,29107,27191
733,5,11006,24652,15232,26013,27034
734,0,7883,29555,29555,16402,23569
735,0,7111,28858,28858,29387,26087
736,33,2946,28363,24663,28312,29484
737,0,10531,22611,22611,22049,15767
738,250,1928,16758,22312,15920,22460
739,0,6763,23096,23096,19827,20349
740,0,4497,25197,25197,29668,24657
741,0,11669,24925,24925,26565,21725
742,2,4221,30132,30111,22592,30132
743,0,7012,24444,24444,24462,26108
744,7,13350,22113,20302,26674,16642
745,0,10665,22253,22253,23333,20109
746,0,2858,27088,27088,26712,27011
747,0,3281,22004,22004,23432,19667
748,0,3652,23474,23474,20146,15419
749,0,3662,26697,26697,24228,23772
750,0,13930,15435,15435,21834,17629
751,0,6601,29086,29086,15740,29381
752,0,3813,25856,25856,28354,27102
753,0,10958,21376,21376,26465,23011
754,0,11953,21935,21935,29645,17013
755,0,9272,21039,21039,23392,20392
756,10,2356,28760,25322,18313,27583
757,0,8406,15787,15787,20081,16272
758,0,10918,22575,22575,21353,17943
759,0,2221,19396,19396,16273,22765
760,0,8639,23683,23683,16381,24769
761,0,13104,27617,27617,27479,27773
762,0,8679,25130,25130,29582,24936
763,0,2158,28000,28000,30090,28874
764,0,11107,15129,15129,24896,26606
765,4,7440,22422,22847,19986,18068
766,2,8087,24341,21742,25722,24341
767,0,12279,20825,20825,15828,22474
768,0,7494,24421,24421,26788,27256
769,0,2353,14984,14984,28327,28625
770,0,2888,24216,24216,23068,27390
771,44,13173,15151,25521,24504,25660
772,0,7461,15240,15240,15182,28750
773,0,2955,29060,29060,27201,26126
774,1,4353,15478,19196,15478,17648
775,0,14061,25159,25159,24341,28346
776,0,6892,23288,23288,29447,16596
777,0,12348,23685,23685,19509,20224
778,0,13829,28884,28884,22312,25220
779,0,6366,26223,26223,28009,30153
780,683,5482,15052,19475,19804,19107
781,154,14509,30267,19114,28949,15472
782,7,3105,28346,15230,29517,21156
783,13,8299,19144,20146,21315,15419
784,0,11979,26149,26149,24967,28654
785,15,7891,23063,21495,20146,21868
786,0,11279,18293,18293,15960,23426
787,0,7769,24721,24721,25884,26075
788,0,14165,27980,27980,27708,25650
789,0,14050,28191,28191,14969,15019
790,0,9196,26664,26664,28043,29481
791,0,8831,17376,17376,18025,18121
792,59,5863,23807,24718,24280,26493
793,2,3839,15309,19912,15238,15309
794,0,11029,29802,29802,29809,29771
795,0,2887,20601,20601,19396,22765
796,5,13705,17842,17991,22339,18611
797,0,9193,27002,27002,23883,26011
798,0,1624,25324,25324,30001,20099
799,0,12035,26288,26288,29723,28425
800,0,2909,26794,26794,15803,28947
801,30,7641,22132,19659,24128,21868
802,0,5646,28398,28398,16825,29183
803,0,11327,15321,15321,29216,19376
804,0,10598,23876,23876,28391,24922
805,0,9968,19678,19678,19179,18608
806,0,4926,25659,25659,26049,24412
807,0,2856,29535,29535,29461,29565
808,0,2994,23569,23569,17780,21406
809,0,8044,28304,28304,25264,27567
810,1,4566,20113,22012,20113,23474
811,0,553,24820,24820,21735,18677
812,159,3084,23209,21956,22213,20407
813,0,10046,26690,26690,24657,27898
814,8,2636,24312,29066,27880,25261
815,0,13408,26966,26966,21360,21395
816,0,3913,28312,28312,29409,25627
817,45,14425,21644,22616,23429,22073
818,0,1270,25212,25212,25211,22611
819,0,9629,27424,27424,24923,18608
820,0,9418,25864,25864,25865,17629
821,113,1911,20583,20664,21036,15824
822,5,13659,26255,30101,23738,28875
823,655,5506,20511,18611,15342,24106
824,0,6762,29339,29339,28482,27646
825,4,6372,19804,30254,30153,17981
826,0,14482,25081,25081,24312,24884
827,1,1841,23200,16941,23200,23337
828,0,10162,25156,25156,25798,25754
829,0,4033,19474,19474,16242,18137
830,0,12241,25689,25689,27910,28563
831,6,12496,24380,28000,26817,30090
832,0,8911,23518,23518,22613,20291
833,0,3542,17185,17185,22250,17367
834,0,11789,25311,25311,24838,24967
835,0,8884,18535,18535,29471,19772
836,0,9823,27785,27785,25773,15736
837,432,1069,23310,26746,25519,15478
838,0,10098,17152,17152,22349,18664
839,3,602,15472,16273,19396,22765
840,0,6283,19547,19547,24791,22360
841,0,9348,27872,27872,24902,29392
842,0,12013,15976,15976,16637,16655
843,178,14671,29612,15147,25347,25846
844,119,8677,27895,30347,29146,28984
845,0,10937,20445,20445,21670,22026
846,0,7421,27835,27835,29420,28696
847,0,9210,26399,26399,15161,26740
848,0,10312,27419,27419,18664,28481
849,0,3889,23866,23866,27680,26011
850,0,12916,20072,20072,20250,25725
851,0,5357,19671,19671,15877,22178
852,0,13852,25261,25261,27922,25753
853,0,3972,16242,16242,18137,19153
854,60,11411,24459,24138,24938,24098
855,0,10324,25394,25394,21338,26734
856,21,5979,22705,23474,20146,20522
857,0,10360,19849,19849,21626,17650
858,0,10769,17320,17320,17310,16555
859,0,3623,24107,24107,24106,19924
860,0,12480,16483,16483,17677,16132
861,0,3295,15196,15196,15151,27097
862,0,12322,28863,28863,14962,29663
863,0,4511,24767,24767,26886,25519
864,9,5307,15837,29471,18025,24979
865,0,2305,16199,16199,19619,19172
866,0,3223,15629,15629,19069,15005
867,0,2756,17389,17389,15493,22999
868,8,14332,27066,22312,26601,27201
869,0,12018,23809,23809,23808,23614
870,0,935,27801,27801,22530,28819
871,0,4860,24128,24128,24234,19659
872,0,4754,15543,15543,18535,17442
873,10,13546,24329,28077,28442,25551
874,0,3000,20763,20763,16493,21592
875,0,7644,29606,29606,27307,26793
876,0,5892,25530,25530,25545,27343
877,0,6184,26886,26886,24767,25519
878,3,4096,20514,24968,19887,16220
879,0,8233,21890,21890,28790,18882
880,0,3092,15324,15324,22360,20380
881,0,6041,19000,19000,17266,19619
882,0,11028,20980,20980,23314,20081
883,0,600,20412,20412,22088,21353
884,0,3757,29461,29461,27255,28726
885,0,6438,22012,22012,20113,20863
886,0,10525,25208,25208,24296,25207
887,0,10120,25051,25051,27039,28679
888,0,13939,26522,26522,25068,24377
889,282,13797,29645,28024,29669,26450
890,0,4838,23400,23400,20938,21121
891,4,5904,22265,23636,18677,19305
892,0,13198,28327,28327,14984,28625
893,16,7357,19120,23143,16944,21134
894,0,10717,30111,30111,24442,30086
895,0,7374,21088,21088,18996,22472
896,0,12903,25211,25211,25212,25264
897,0,1359,17962,17962,16224,27982
898,0,7130,15028,15028,15470,16139
899,0,1685,24580,24580,19636,26792
900,0,1816,15854,15854,20059,22357
901,0,472,15003,15003,30267,14969
902,0,10694,29000,29000,24936,25250
903,0,3299,16795,16795,22346,29201
904,0,11011,15342,15342,24027,16264
905,3,8740,27014,26177,15066,24657
906,0,6048,22357,22357,17387,20059
907,0,8361,19596,19596,23557,18591
908,0,6091,18050,18050,17360,20559
909,0,12117,25174,25174,24602,27039
910,1,3667,15203,23952,15203,25846
911,0,12092,27838,27838,23921,24495
912,2,11740,28107,29488,28899,28107
913,0,2802,23550,23550,18915,15478
914,242,14608,20389,29801,29790,28032
915,0,3886,26754,26754,26214,27404
916,0,12919,29669,29669,29801,29374
917,0,14473,25680,25680,23623,28027
918,0,6160,23599,23599,29704,17429
919,0,6697,17194,17194,28009,16655
920,59,4835,20924,23569,28626,19389
921,144,9677,28435,29191,26534,25421
922,0,6237,27809,27809,27324,25342
923,0,10321,28025,28025,19600,28448
924,0,7399,25366,25366,21018,22708
925,0,11821,19736,19736,19850,15803
926,0,2463,27358,27358,25261,24585
927,4,10830,21358,23333,20109,22253
928,0,5511,28696,28696,27524,27655
929,2,13588,29677,29684,29673,29677
930,10,12275,29653,29640,28874,29632
931,0,9558,23701,23701,15373,18589
932,5,9640,16516,20407,21191,16387
933,0,6722,29771,29771,23859,29809
934,0,10669,29012,29012,26165,29005
935,0,4403,19153,19153,19474,19915
936,0,9593,22935,22935,28169,15443
937,0,12287,29248,29248,26261,28674
938,0,7011,29291,29291,27255,27903
939,3,9107,18700,21720,20916,20448
940,0,9964,27070,27070,26115,28791
941,63,704,15967,29723,20291,22692
942,0,9567,23405,23405,20382,20763
943,0,13906,27124,27124,27198,28393
944,0,10692,22882,22882,24501,23405
945,0,9610,26006,26006,21750,29300
946,0,3079,27963,27963,27255,29093
947,2,11049,16381,14997,15470,16381
948,0,7937,25499,25499,28628,24329
949,0,11739,21784,21784,21134,22349
950,0,7338,26614,26614,26549,21370
951,0,11957,25010,25010,27507,23738
952,0,11812,22001,22001,20566,18819
953,0,5095,25628,25628,17332,24628
954,9,3332,28510,29268,24684,27363
955,0,4485,19305,19305,16387,22357
956,0,8934,16391,16391,22039,22293
957,1,1227,15627,16528,15627,19368
958,0,5893,23496,23496,22593,22818
959,0,1513,29574,29574,23898,27201
960,0,366,22136,22136,19083,28949
961,0,3307,14960,14960,25654,28238
962,0,8745,23563,23563,29568,22472
963,0,1384,28204,28204,29086,26399
964,0,12027,18996,18996,21088,16306
965,0,14426,26438,26438,28903,27695
966,0,2669,28626,28626,24459,25503
967,2,2369,21741,30214,20081,21741
968,0,11365,27427,27427,27724,24032
969,19,11933,27479,28361,26735,28549
970,0,11854,25322,25322,27322,27584
971,0,7690,29742,29742,27311,29065
972,0,11919,29468,29468,25461,22885
973,0,7022,15969,15969,20110,20448
974,0,4781,27107,27107,24133,25683
975,0,8644,29447,29447,29484,26738
976,0,1256,28914,28914,25157,24027
977,0,10036,25298,25298,25861,26888
978,0,6976,28374,28374,28932,29011
979,0,11099,26923,26923,24979,22032
980,0,1824,19079,19079,17709,24462
981,0,14836,26583,26583,26339,15930
982,2,8326,24754,26703,15053,24754
983,3,5998,18108,17028,21868,17291
984,0,2947,16903,16903,30318,18440
985,2,13561,21191,19217,16516,21191
986,0,9283,19642,19642,22594,19654
987,0,5677,20809,20809,29026,22931
988,0,13261,29801,29801,28032,29669
989,0,868,18915,18915,23550,15722
990,0,8942,29044,29044,27826,23777
991,0,1662,29869,29869,29704,27895
992,0,9355,30005,30005,29930,29968
993,0,13501,25865,25865,25864,25220
994,0,6838,19720,19720,15107,22593
995,0,2475,19490,19490,24849,19676
996,1,5713,19310,21758,19310,19067
997,205,12788,28460,25261,25753,27283
998,2,6236,17848,23635,23703,17848
999,0,7679,15886,15886,20701,21689
1000,0,8561,17718,17718,25807,22460
1001,23,11216,24544,26534,27056,27922
1002,15,3548,19879,23143,20167,23293
1003,133,11552,23215,21596,22592,20666
1004,1,2897,28563,27957,28563,21406
1005,0,8846,21036,21036,20664,23200
1006,0,210,22862,22862,15725,15746
1007,0,6250,29756,29756,28689,27103
1008,0,109,21456,21456,30279,17161
1009,0,7219,25335,25335,22132,24177
1010,400,13897,26963,25917,21118,16258
1011,0,6761,28448,28448,28486,19600
1012,1,14245,30115,24175,30115,26817
1013,7,11759,16724,20296,19519,20553
1014,0,464,29639,29639,29633,29632
1015,2,5993,20250,22849,27766,20250
1016,475,14748,28175,21212,29907,18320
1017,0,1625,27489,27489,26252,18015
1018,0,8992,25089,25089,20279,29819
1019,1,13693,26346,27594,26346,26935
1020,1,7483,15634,21036,15634,20664
1021,0,12515,22523,22523,21370,27014
1022,84,13007,28625,28553,26622,25347
1023,16,13178,28194,30115,24380,26817
1024,1,6143,28229,29302,28229,24529
1025,0,7119,21773,21773,19888,22395
1026,0,11283,25616,25616,24652,27507
1027,0,6453,20909,20909,15803,23137
1028,2,6286,27703,23777,24896,27703
1029,0,5343,21670,21670,20445,22026
1030,6,13517,28670,24598,27053,24599
1031,2,8468,29064,29553,27701,29064
1032,0,10359,25013,25013,29453,26043
1033,0,9849,24025,24025,27544,23883
1034,0,8314,21592,21592,17476,20324
1035,0,1988,15793,15793,18904,21597
1036,4,13685,25338,28396,26493,27885
1037,0,11861,25418,25418,25898,25854
1038,0,7075,17170,17170,18987,18112
1039,0,6375,24029,24029,27325,29544
1040,0,8832,28383,28383,16095,26148
1041,0,13815,25861,25861,25298,26888
1042,0,3921,16496,16496,16221,21347
1043,0,7232,28300,28300,27168,26565
1044,0,26,16529,16529,20800,16983
1045,0,4398,24351,24351,24226,25859
1046,0,13101,18867,18867,26553,21117
1047,28,11627,29488,24727,24214,28107
1048,0,10186,27019,27019,28626,25503
1049,0,6334,19304,19304,18368,26006
1050,17,12680,28393,25089,25342,24312
1051,0,12264,25233,25233,24884,26534
1052,6,10919,17464,23429,23635,16464
1053,4,4719,22800,18631,21739,23523
1054,0,12706,29844,29844,21395,26966
1055,0,767,29093,29093,27023,28482
1056,0,2786,28275,28275,29706,26235
1057,0,5708,29069,29069,28305,27835
1058,0,9685,23137,23137,20448,20909
1059,0,7417,19790,19790,15967,23173
1060,0,7448,23001,23001,16898,22581
1061,1,10913,27987,25817,27987,25216
1062,0,10895,25755,25755,25794,29373
1063,0,11458,22929,22929,22444,17990
1064,0,216,15078,15078,15109,24884
1065,0,412,23317,23317,29742,19828
1066,36,13026,23411,23652,17007,21422
1067,0,11106,25691,25691,26867,27865
1068,0,12371,23835,23835,29486,28625
1069,3,8079,30093,30072,24329,30038
1070,1,8353,24032,27056,24032,28180
1071,0,3083,15197,15197,28572,27283
1072,0,4807,25736,25736,17741,29277
1073,1,7800,28947,28350,28947,27011
1074,0,8372,27201,27201,26325,26792
1075,0,13819,25875,25875,27391,25261
1076,0,6287,17007,17007,17650,22368
1077,0,4414,24102,24102,25053,24579
1078,0,12921,27851,27851,27687,24449
1079,0,3354,24847,24847,29028,24444
1080,0,6768,29545,29545,25157,29339
1081,0,2683,22360,22360,15324,19722
1082,0,5016,18874,18874,23178,29075
1083,9,9071,23636,22265,19330,21720
1084,41,5174,20814,21626,30335,15499
1085,0,13676,23060,23060,26638,22616
1086,3,13793,27826,24701,25337,26465
1087,0,9302,24332,24332,27885,25849
1088,0,3610,29588,29588,29191,25342
1089,0,5882,23182,23182,19172,15107
1090,0,2988,26136,26136,22977,27406
1091,0,13787,28091,28091,23978,24884
1092,0,551,19680,19680,17476,21592
1093,0,11493,19708,19708,20043,18625
1094,0,8444,28929,28929,25627,24278
1095,0,1755,28325,28325,25530,24886
1096,2,12770,25634,23964,19434,25634
1097,0,3756,20015,20015,18413,19025
1098,63,2179,24783,23777,29044,24431
1099,0,14294,28687,28687,20557,24698
1100,0,8878,29706,29706,29153,28275
1101,0,14785,26536,26536,23759,24341
1102,2,4851,21406,17780,23063,21406
1103,0,11319,16636,16636,22312,22497
1104,0,8017,24628,24628,28684,29565
1105,0,7431,29011,29011,28374,28156
1106,67,1273,26674,24599,16695,29138
1107,1,1889,23099,23514,23099,21495
1108,0,3151,29380,29380,27343,26160
1109,0,14894,29817,29817,27788,26900
1110,442,5842,28056,29263,27778,25487
1111,0,8728,17580,17580,21342,28074
1112,4,8788,20146,18844,16758,21758
1113,17,5392,17650,15342,17332,20296
1114,145,10997,18844,23474,19310,18368
1115,0,11584,25026,25026,27391,29420
1116,0,1179,24886,24886,24912,29154
1117,0,896,29005,29005,29012,28150
1118,0,4882,25798,25798,24226,15159
1119,0,4316,27544,27544,24025,23883
1120,0,8937,26873,26873,27170,18526
1121,0,9963,19449,19449,16786,18293
1122,0,6645,19643,19643,23047,19519
1123,0,7742,29026,29026,22422,29393
1124,14,11189,17619,18908,18348,21635
1125,0,579,16809,16809,23411,16555
1126,0,2467,22178,22178,19671,15877
1127,0,7295,25161,25161,25959,28679
1128,0,12889,20382,20382,16493,20763
1129,0,8921,28705,28705,29146,26006
1130,0,11413,19909,19909,22597,23251
1131,0,1445,29216,29216,15321,24032
1132,0,1589,17332,17332,25628,20291
1133,0,8124,24377,24377,24927,25068
1134,2,10183,22349,16747,23063,22349
1135,1,1529,24637,25870,24637,26311
1136,0,2635,29582,29582,25130,24936
1137,4,7875,20551,17161,19067,17653
1138,0,2439,20292,20292,18819,29608
1139,0,1477,20067,20067,21070,28328
1140,0,9399,27500,27500,23993,24460
1141,0,8525,27651,27651,20020,24812
1142,12,7060,24884,16258,21212,21118
1143,0,13367,29920,29920,29922,17697
1144,0,13344,23837,23837,24814,23928
1145,0,8175,22692,22692,27891,28179
1146,0,9268,29147,29147,15475,16207
1147,0,4312,26083,26083,16012,29578
1148,1,5945,22530,21328,22530,24900
1149,0,903,21506,21506,15967,20814
1150,0,668,18365,18365,19643,29914
1151,0,5436,23804,23804,24767,21070
1152,0,12303,25342,25342,29588,26139
1153,0,9354,30247,30247,23209,18195
1154,0,7977,25725,25725,20250,26144
1155,0,3016,23103,23103,21889,21959
1156,0,5959,25164,25164,29064,27489
1157,0,9313,29790,29790,28032,30146
1158,0,2726,21163,21163,19010,20292
1159,0,399,23057,23057,18982,29078
1160,0,10475,25645,25645,28919,27704
1161,0,304,28982,28982,25311,25208
1162,3,8856,23429,21358,23635,23333
1163,0,836,23538,23538,23392,17577
1164,0,12860,28842,28842,27249,26534
1165,0,7388,24851,24851,27373,26235
1166,0,12970,24328,24328,24384,25046
1167,0,12246,18589,18589,20666,20825
1168,0,5236,25121,25121,28103,20040
1169,0,13366,27464,27464,25046,25798
1170,0,7163,29310,29310,27307,25627
1171,0,7078,16272,16272,20043,29852
1172,0,12283,27739,27739,24503,28771
1173,0,11351,27249,27249,28842,24459
1174,5,2540,17053,29848,21495,20522
1175,53,3098,20553,21036,23200,20664
1176,0,7900,27905,27905,24550,22480
1177,0,8948,29095,29095,20243,28932
1178,0,601,26165,26165,29012,26939
1179,0,5996,18717,18717,17360,18050
1180,0,8216,24664,24664,25304,24156
1181,0,2859,25699,25699,21099,20128
1182,0,4730,22656,22656,16402,17769
1183,0,4329,28676,28676,22687,24076
1184,0,2567,21366,21366,18023,21522
1185,0,1365,30121,30121,27761,28877
1186,0,1781,27891,27891,28179,25983
1187,2,6056,21267,19888,21389,21267
1188,0,1843,21834,21834,15435,19708
1189,1,12675,25409,26504,25409,30306
1190,0,5072,24027,24027,29339,15342
1191,0,3633,24910,24910,15837,15265
1192,0,11536,27775,27775,30163,26734
1193,0,8390,28969,28969,24668,23310
1194,1,7676,25794,29373,25794,24032
1195,0,14478,26935,26935,26346,27594
1196,6,10515,24902,29574,23898,29060
1197,0,14517,26606,26606,23980,26549
1198,0,4286,18819,18819,20286,20920
1199,0,5960,27541,27541,17214,29052
1200,0,4479,16688,16688,18511,16545
1201,0,94,26058,26058,28819,25690
1202,0,6356,23251,23251,27911,22597
1203,75,7445,26981,25942,29268,30240
1204,0,10146,24449,24449,27851,27687
1205,0,2175,18301,18301,23426,22757
1206,12,13875,27283,21456,24323,24456
1207,0,5961,20768,20768,17697,26965
1208,0,4105,20762,20762,24849,20023
1209,0,3209,29328,29328,29093,27963
1210,153,10773,19107,20888,29544,17842
1211,0,11910,17328,17328,15313,18889
1212,1,8196,21626,30287,21626,30166
1213,656,14381,26676,18320,25342,27034
1214,0,5337,29761,29761,29735,29730
1215,0,2715,28117,28117,25507,27941
1216,0,96,15006,15006,15470,14997
1217,0,5087,29152,29152,23525,25645
1218,0,7861,21750,21750,17780,21406
1219,2,12753,23170,18015,16483,23170
1220,0,5865,25447,25447,24359,29066
1221,1,8037,24228,25342,24228,25521
1222,1,11282,29366,28169,29366,27852
1223,0,13010,28350,28350,28027,28947
1224,0,3222,30099,30099,18483,30006
1225,0,11733,24979,24979,23900,26923
1226,0,4037,15127,15127,28096,28056
1227,0,2983,26240,26240,20938,24057
1228,0,12992,29795,29795,29370,29203
1229,0,6153,22452,22452,17762,20473
1230,0,11426,20111,20111,22710,18407
1231,3,522,30240,18819,25203,30166
1232,0,7654,28053,28053,25097,24031
1233,4,14606,25046,16268,25959,25161
1234,0,12024,20232,20232,23200,16619
1235,5,6526,19424,20579,20583,16275
1236,0,9546,17302,17302,18087,18342
1237,0,6098,27404,27404,26754,26214
1238,0,12386,25285,25285,26601,27479
1239,0,2940,23650,23650,22773,16619
1240,0,1147,19172,19172,15107,22177
1241,0,8883,24412,24412,24413,25659
1242,52,10047,15230,28563,27957,24886
1243,51,13100,24896,15206,27440,15098
1244,40,9476,23557,22656,17769,16402
1245,0,12982,23830,23830,24312,25220
1246,0,6588,22049,22049,22611,15767
1247,1,11100,29146,26708,29146,29568
1248,0,4444,27126,27126,23588,24968
1249,0,5729,21022,21022,25915,22245
1250,0,9125,16094,16094,21626,15419
1251,0,2288,20311,20311,16264,16025
1252,0,5586,22089,22089,21651,20033
1253,0,2171,27827,27827,24278,27868
1254,56,3377,27255,28819,17312,28720
1255,0,4055,28080,28080,29060,28119
1256,159,6345,23261,25203,20553,30166
1257,0,11109,21340,21340,22389,30274
1258,0,8923,28276,28276,26255,28875
1259,0,11964,24589,24589,28435,24936
1260,0,3205,26108,26108,24847,29075
1261,0,11290,29381,29381,26126,28242
1262,0,14447,29833,29833,25220,27039
1263,0,13177,27373,27373,24106,27167
1264,0,6460,24588,24588,27910,27385
1265,0,14506,29812,29812,25883,26954
1266,0,12678,15213,15213,15172,28654
1267,0,7491,22581,22581,15827,23001
1268,0,5154,28722,28722,25236,27491
1269,0,3582,20749,20749,15863,23571
1270,0,6513,26184,26184,28947,24312
1271,6,12945,21134,29844,21395,27390
1272,0,2394,25168,25168,25169,26900
1273,12,7496,18368,15324,19722,22360
1274,1,6853,27880,25502,27880,16258
1275,0,6941,25690,25690,26058,28856
1276,0,149,15687,15687,17762,22445
1277,0,14510,15147,15147,27084,25967
1278,0,5879,22742,22742,23261,21951
1279,0,11040,20652,20652,20609,25723
1280,0,12471,26699,26699,26534,27039
1281,0,11717,26822,26822,24442,28628
1282,72,13285,26170,28760,30240,29373
1283,0,11207,19636,19636,24580,29561
1284,0,1291,26049,26049,24900,25659
1285,0,3155,26311,26311,26856,29263
1286,0,3750,22999,22999,15493,15499
1287,0,2704,25983,25983,27891,28179
1288,1,6115,27731,25835,27731,24154
1289,0,3831,26235,26235,28275,28961
1290,0,7515,18526,18526,22184,26873
1291,0,14808,26392,26392,24756,19879
1292,0,6711,19641,19641,19556,27987
1293,2,10729,14962,29183,23907,14962
1294,0,1479,26934,26934,26933,26585
1295,4,3149,22395,19888,21652,17820
1296,33,2810,22912,15342,18611,18987
1297,0,4563,29680,29680,29248,29632
1298,0,2996,17717,17717,16511,19879
1299,0,12922,22423,22423,25728,21562
1300,0,4020,20724,20724,18313,18927
1301,0,7648,26838,26838,27475,28346
1302,1,8211,27256,15151,27256,24421
1303,0,5652,28135,28135,27982,26247
1304,0,1307,27105,27105,26913,24107
1305,0,12080,16886,16886,18800,19319
1306,0,12490,28009,28009,26223,17194
1307,3,11542,18987,20652,15499,21720
1308,0,955,25236,25236,28722,17185
1309,0,1828,24456,24456,29339,29291
1310,0,2249,15107,15107,19720,19172
1311,5,1634,26450,27682,19912,16035
1312,0,6350,20927,20927,15824,20664
1313,0,7444,27379,27379,25983,26992
1314,0,9897,25656,25656,28175,24030
1315,0,6105,20225,20225,16813,21720
1316,54,6290,27103,25730,26465,27773
1317,1,13322,15229,27097,15229,15196
1318,0,10716,26623,26623,25481,24312
1319,0,192,26490,26490,26381,27168
1320,0,10239,19468,19468,16658,19708
1321,0,1663,28875,28875,30101,26255
1322,0,4139,23554,23554,22395,19888
1323,0,5076,17643,17643,25587,16795
1324,2,12815,29684,29673,29677,29684
1325,0,11394,27445,27445,25515,22265
1326,0,3085,29517,29517,15230,21156
1327,0,1082,19025,19025,20309,22137
1328,0,2445,21395,21395,29844,26966
1329,0,2773,14996,14996,20553,22173
1330,81,13195,28771,28962,25480,29160
1331,0,8478,15475,15475,29147,16207
1332,0,9152,25171,25171,24991,25889
1333,0,13302,24680,24680,24727,26674
1334,0,5722,22081,22081,21731,16733
1335,0,12929,29673,29673,29684,29677
1336,58,10827,28877,30115,24380,25113
1337,0,5927,21933,21933,20242,16464
1338,0,10265,26097,26097,25261,24896
1339,0,3035,27903,27903,25617,21360
1340,1,14138,26059,25031,26059,26308
1341,0,7085,19192,19192,28921,26261
1342,16,186,15206,29873,15066,15147
1343,0,14318,24138,24138,24938,24098
1344,0,11761,25228,25228,24581,27544
1345,0,3064,21635,21635,18608,29381
1346,0,5284,16941,16941,20924,17629
1347,0,9894,23072,23072,16755,22006
1348,0,6954,27708,27708,27980,25417
1349,0,920,24368,24368,25338,21960
1350,0,937,29153,29153,29706,27417
1351,0,2702,25084,25084,19671,15877
1352,0,2206,22302,22302,17305,22300
1353,0,10500,19373,19373,16637,15976
1354,4,8235,21495,20522,23011,20146
1355,0,10240,24174,24174,28553,29285
1356,0,13510,24987,24987,28450,23845
1357,0,102,29888,29888,23652,26730
1358,0,9362,19780,19780,22072,18025
1359,0,5669,17476,17476,19680,21592
1360,0,7269,22613,22613,18608,29392
1361,50,4235,27669,27102,27824,25856
1362,0,6028,24787,24787,24363,28086
1363,0,7261,22966,22966,27492,19715
1364,3,3224,30153,25342,26969,27695
1365,0,10887,22430,22430,15582,16853
1366,10,1267,19841,18987,16764,29603
1367,0,8850,25496,25496,25683,28482
1368,0,8021,27390,27390,24216,29300
1369,0,9858,19669,19669,20707,17842
1370,0,5924,16596,16596,27835,22137
1371,0,14073,26167,26167,29071,15831
1372,2,2214,17780,21406,19376,17780
1373,0,2566,21522,21522,21366,18023
1374,0,7612,29028,29028,24847,24607
1375,0,2026,24477,24477,25939,24341
1376,0,4171,21389,21389,23632,19888
1377,0,650,21226,21226,29441,15656
1378,0,8387,28150,28150,29005,18052
1379,0,14081,28404,28404,16642,25200
1380,1,10010,24408,29049,24408,27851
1381,0,722,15280,15280,16655,16039
1382,0,9317,27704,27704,27911,22376
1383,0,4829,22006,22006,16755,30292
1384,0,3112,26969,26969,25342,27695
1385,40,511,22213,21758,17028,21495
1386,2,1131,19330,15563,20924,19330
1387,0,14187,15352,15352,20127,22368
1388,66,13998,25521,25101,25660,29373
1389,1,14733,26148,29202,26148,15148
1390,0,5055,30031,30031,29948,29958
1391,0,8149,21052,21052,29708,16434
1392,4,8848,22593,20225,16813,21720
1393,0,6496,17937,17937,19514,26518
1394,0,10309,26734,26734,25394,21338
1395,0,14660,15180,15180,26674,24234
1396,0,14672,26106,26106,25587,24226
1397,30,10414,29138,26465,25753,29096
1398,0,4238,27646,27646,29461,29339
1399,0,12159,22443,22443,16700,21681
1400,0,13340,28214,28214,28947,26500
1401,0,12592,19253,19253,22593,19475
1402,0,1412,25623,25623,26746,23993
1403,20,14664,26534,24757,15203,26347
1404,0,5771,28712,28712,27406,29026
1405,0,12718,18927,18927,17834,20724
1406,0,2375,21879,21879,25644,15656
1407,5,12072,26900,24657,27939,25220
1408,0,9765,26738,26738,27694,29447
1409,0,11760,24581,24581,25228,23883
1410,0,7860,18590,18590,17943,26058
1411,0,5672,19516,19516,18511,17777
1412,1,4175,30254,28987,30254,22533
1413,0,9257,28921,28921,19192,18629
1414,0,9078,27440,27440,15206,27502
1415,0,3201,20300,20300,17320,22001
1416,1,3887,17762,22489,17762,15563
1417,0,2796,21315,21315,19067,17161
1418,0,11538,27713,27713,29408,29532
1419,0,7493,28005,28005,15309,27545
1420,0,10256,23499,23499,23170,23293
1421,0,2010,28824,28824,26613,24585
1422,0,10376,26933,26933,26934,26585
1423,0,9384,20453,20453,22530,30319
1424,0,1543,27761,27761,28194,30093
1425,109,4768,20473,20448,23200,16944
1426,392,1319,19067,19319,16886,21389
1427,10,4116,28280,29246,27660,27191
1428,0,10731,24495,24495,23921,27923
1429,3,8746,29420,27104,24847,24607
1430,69,7609,29566,24380,30115,26817
1431,0,11194,22026,22026,20324,21670
1432,0,12491,22459,22459,25964,21320
1433,0,5477,27325,27325,26965,24029
1434,3,4009,30320,30292,19626,30166
1435,41,12091,29285,25494,26622,25421
1436,23,13046,30146,29790,28032,16434
1437,0,10437,19314,19314,15499,19828
1438,0,11438,16275,16275,17697,15499
1439,0,136,26355,26355,15363,29495
1440,5,771,27167,23588,27126,24968
1441,0,13579,25817,25817,25233,25216
1442,125,12455,15736,21389,20863,19281
1443,5,9349,29066,28300,27880,28195
1444,0,10854,29819,29819,25089,24312
1445,3,12254,28679,24384,24328,25046
1446,0,9711,28103,28103,25121,20040
1447,0,7122,20590,20590,26403,26404
1448,63,441,27385,29517,15230,28585
1449,18,9895,21725,15687,18987,25488
1450,0,11589,17307,17307,22540,15280
1451,0,10617,24985,24985,24579,24102
1452,0,9145,26073,26073,25886,26489
1453,0,7413,15363,15363,26355,18982
1454,0,12614,25155,25155,24749,28393
1455,0,3849,24026,24026,28685,26479
1456,5,9499,21212,16094,19772,20904
1457,0,4429,24891,24891,29366,15072
1458,62,12368,29302,29285,25138,24174
1459,0,1426,30006,30006,29958,30099
1460,0,617,18629,18629,15475,29147
1461,0,5686,16012,16012,26073,19772
1462,0,2691,29708,29708,21052,16434
1463,0,153,22389,22389,21340,30274
1464,0,6544,28948,28948,29203,28246
1465,1,7405,28750,25815,28750,24034
1466,0,8607,25617,25617,28219,27903
1467,0,1106,29553,29553,17411,24770
1468,0,12196,16025,16025,20311,20224
1469,190,5298,22460,23623,21890,20223
1470,271,12687,20109,21644,22279,15624
1471,0,11639,22533,22533,28987,23588
1472,4,4476,27824,15054,15109,15215
1473,0,7371,20059,20059,15854,25627
1474,0,12731,17615,17615,22705,19253
1475,0,9675,20164,20164,17629,17990
1476,0,11503,15122,15122,28874,25955
1477,0,4791,15740,15740,21001,15920
1478,12,4052,24175,26817,24380,30038
1479,5,6421,19734,22132,23357,25335
1480,44,12868,28077,30111,30132,24205
1481,0,2629,29704,29704,29869,23599
1482,0,1581,29409,29409,28312,22357
1483,11,9952,21353,15563,22223,19040
1484,674,2393,15215,26347,28323,29146
1485,0,12636,26208,26208,26855,28760
1486,0,3412,25481,25481,26623,23845
1487,0,894,22710,22710,20023,17619
1488,124,7455,29318,26817,30115,24380
1489,0,7757,27931,27931,26672,27255
1490,3,4524,23165,15784,22870,20146
1491,0,13996,26746,26746,25519,25017
1492,0,3726,28473,28473,22796,29606
1493,0,3117,28027,28027,25680,28984
1494,2,9463,19040,22355,19059,19040
1495,0,12838,27196,27196,24476,26021
1496,0,10082,16192,16192,28464,15890
1497,0,12542,22293,22293,29081,16391
1498,0,6982,15746,15746,22862,15725
1499,0,7898,25206,25206,29484,26489
1500,0,2956,20747,20747,24730,29374
1501,0,1789,18415,18415,19549,16483
1502,0,12040,18023,18023,21366,21522
1503,0,9394,22300,22300,16335,17154
1504,0,11784,19600,19600,28025,28448
1505,11,5514,26177,24369,26602,25854
1506,1,12501,26961,15140,26961,25349
1507,213,6833,22848,16251,20904,19772
1508,0,8938,17316,17316,30025,25860
1509,7,5849,27756,28442,28077,25551
1510,0,3561,29484,29484,25206,29447
1511,0,7680,15850,15850,20609,18683
1512,0,4828,30292,30292,22585,30166
1513,0,3567,18932,18932,23297,22431
1514,0,13572,25079,25079,26513,25530
1515,0,9749,24947,24947,24177,24031
1516,0,13824,24991,24991,25171,25889
1517,0,2911,28466,28466,25364,26601
1518,0,2580,24707,24707,29662,28032
1519,0,13526,20001,20001,18606,18882
1520,0,11441,23970,23970,25860,17638
1521,0,6502,16655,16655,22656,15976
1522,0,1056,29252,29252,27393,27773
1523,0,14860,24922,24922,28875,24413
1524,1,11287,30272,26147,30272,22613
1525,0,9762,28394,28394,25663,28884
1526,0,14018,21889,21889,23103,23094
1527,0,1282,23297,23297,26288,18932
1528,0,4298,18683,18683,19527,15850
1529,29,9824,17181,23200,21543,26886
1530,2,12164,28509,27788,26900,28509
1531,0,1570,21920,21920,16747,17780
1532,0,11642,19138,19138,23001,16898
1533,0,5420,26500,26500,22954,24872
1534,4,11456,15499,18576,27895,15920
1535,0,11873,25376,25376,27184,28477
1536,0,13228,24422,24422,18348,24856
1537,0,9281,24504,24504,23952,25521
1538,0,10497,29532,29532,27713,29408
1539,784,13789,25527,25728,23907,24323
1540,174,7610,20888,15499,16095,19059
1541,55,8046,26314,30240,15109,29481
1542,0,11339,16105,16105,28863,16221
1543,0,2374,15533,15533,17411,29553
1544,0,2747,26977,26977,25394,26734
1545,0,13151,26147,26147,27545,30324
1546,0,10988,28071,28071,29677,22073
1547,0,2218,24571,24571,27311,24812
1548,0,7500,20040,20040,16619,16658
1549,0,4472,16274,16274,21741,17650
1550,1,12097,24177,25369,24177,28195
1551,92,1022,19659,18591,20412,22088
1552,0,6131,23525,23525,20526,29152
1553,0,7965,26390,26390,25942,29740
1554,0,10319,27166,27166,26655,26250
1555,0,10007,27842,27842,28155,26165
1556,0,6306,18998,18998,26981,19475
1557,0,607,22411,22411,15725,22724
1558,0,12690,26513,26513,25079,22466
1559,0,14154,28354,28354,25856,27102
1560,0,1568,15389,15389,17697,19634
1561,12,5965,17442,30328,15687,23215
1562,0,14115,15930,15930,26339,18606
1563,0,746,21556,21556,18645,22523
1564,1,5811,25903,25497,25903,29486
1565,0,10169,29533,29533,28074,28762
1566,0,12625,26021,26021,26565,28393
1567,0,11489,25421,25421,24754,27653
1568,7,3021,26868,21036,26735,20664
1569,6,4240,24602,26054,25634,24804
1570,0,6384,16507,16507,19578,27730
1571,0,575,15673,15673,29861,19626
1572,0,5140,26806,26806,15127,28056
1573,0,14089,29662,29662,24707,28032
1574,0,8504,29374,29374,29669,26450
1575,41,9118,30134,18342,17467,16261
1576,0,8611,24232,24232,25534,24501
1577,0,1902,16743,16743,17777,21720
1578,12,13792,27010,26452,25627,28984
1579,0,1530,30166,30166,21652,19888
1580,2,1290,25349,24657,25220,25349
1581,1,10164,20392,22639,20392,17629
1582,0,6678,28791,28791,28311,27466
1583,0,8997,26153,26153,23916,27496
1584,0,3691,16028,16028,20043,22773
1585,0,11104,19924,19924,21134,18005
1586,0,10209,16813,16813,20225,17780
1587,0,3453,22931,22931,18256,24133
1588,123,6259,30287,22870,21725,23165
1589,53,3148,30198,30327,16261,18342
1590,0,9571,29958,29958,29948,30031
1591,1,8226,29861,20300,29861,15673
1592,0,8166,19626,19626,15443,30292
1593,0,3296,25053,25053,24102,24154
1594,0,2908,15803,15803,19736,26794
1595,0,4560,22346,22346,29201,16795
1596,0,12158,24050,24050,24718,24280
1597,0,12896,22480,22480,18029,27905
1598,0,941,22905,22905,30324,21659
1599,0,451,29681,29681,29268,16299
1600,0,3460,29441,29441,21226,24902
1601,0,10033,29903,29903,21144,27941
1602,0,3356,18068,18068,22847,19986
1603,0,554,19179,19179,26868,23557
1604,0,12405,24234,24234,24128,15180
1605,430,3469,19341,30327,16261,18342
1606,0,6114,28825,28825,27025,25840
1607,0,5901,27192,27192,28080,27827
1608,0,7737,28097,28097,29339,24027
1609,0,4801,20012,20012,19341,21310
1610,0,5873,28238,28238,30136,14960
1611,0,7947,19501,19501,19850,19736
1612,0,3656,30327,30327,16261,18342
1613,0,12089,16402,16402,29555,22592
1614,0,8344,26965,26965,27325,28538
1615,17,10501,30101,26255,28276,23738
1616,0,12520,24940,24940,25595,24896
1617,0,7840,15250,15250,15249,27475
1618,0,3771,25215,25215,26852,28947
1619,289,13201,16220,20128,17779,21099
1620,1,911,19475,20412,19475,23173
1621,0,1858,17371,17371,23310,19120
1622,118,865,25101,24481,24856,15206
1623,0,5221,26653,26653,28665,29299
1624,0,5442,29578,29578,29555,26868
1625,0,13483,16794,16794,18361,20342
1626,0,11450,21543,21543,19281,23623
1627,0,9033,23582,23582,16464,20448
1628,0,3699,17005,17005,17762,15107
1629,0,11266,22072,22072,22838,19780
1630,23,10412,16387,22328,19772,21422
1631,0,3721,21458,21458,22724,20286
1632,0,2548,22301,22301,19069,26450
1633,2,4387,27841,15053,15052,27841
1634,0,2490,24880,24880,23993,25017
1635,0,18,22818,22818,23496,27192
1636,0,10160,17377,17377,17709,19654
1637,0,5360,24253,24253,24280,26493
1638,0,4971,24467,24467,24368,27168
1639,2,9323,18882,16435,15967,18882
1640,0,12797,19303,19303,21328,27972
1641,0,1885,27075,27075,26821,25934
1642,0,8027,21882,21882,18987,18121
1643,0,2818,27677,27677,29488,28107
1644,0,12973,27972,27972,27221,26083
1645,1,8552,28721,28384,28721,25308
1646,0,11555,15249,15249,15250,27475
1647,0,1405,19952,19952,24775,16619
1648,34,6911,22948,21720,19804,23545
1649,0,10876,19022,19022,23469,27758
1650,0,3902,22993,22993,18108,20551
1651,49,13199,16340,21892,21835,17650
1652,0,10091,18991,18991,16853,17226
1653,0,13081,28718,28718,28947,27011
1654,0,7460,21344,21344,23099,28194
1655,0,4436,20664,20664,20927,18608
1656,0,7083,25846,25846,15180,15203
1657,1,7198,19284,19659,19284,24128
1658,0,9383,23392,23392,23538,26072
1659,0,12531,23943,23943,25865,24187
1660,8,12711,25220,29680,25730,27939
1661,0,8519,29203,29203,28948,29771
1662,136,11980,26602,26347,15182,27773
1663,0,1848,26867,26867,25691,27865
1664,0,11285,27610,27610,24858,17324
1665,24,11724,27852,25264,25728,27617
1666,0,10893,21148,21148,16724,23426
1667,0,9974,17154,17154,22300,18982
1668,1,1388,15053,26703,15053,15052
1669,0,8703,26630,26630,28771,24938
1670,1,2274,19376,22870,19376,16251
1671,0,4246,19185,19185,20224,21868
1672,0,1021,19915,19915,16242,19153
1673,0,1817,18677,18677,23636,16387
1674,0,4076,29387,29387,28858,26087
1675,0,1110,29565,29565,27255,28482
1676,0,8621,15582,15582,23170,22430
1677,0,12242,18256,18256,16545,22931
1678,0,8120,15979,15979,19205,19676
1679,0,1906,23777,23777,27826,29044
1680,2,14300,24296,25208,24312,24296
1681,0,9976,19578,19578,16507,27730
1682,0,6381,25519,25519,26746,25017
1683,0,13306,20324,20324,21592,23405
1684,0,6962,29403,29403,29545,25157
1685,69,5054,28048,24754,25421,28553
1686,0,1362,25138,25138,29285,24754
1687,1,11478,22489,19305,22489,20127
1688,0,7048,23921,23921,24495,27838
1689,0,6759,27524,27524,28696,28510
1690,0,12713,25515,25515,27445,26504
1691,0,11889,25304,25304,24156,24664
1692,5,6380,21617,21868,18108,22993
1693,0,13750,21117,21117,28024,26450
1694,0,4751,16435,16435,19596,20127
1695,1,12620,26328,25312,26328,25055
1696,0,10982,15828,15828,20825,20286
1697,2,4180,30277,25203,30185,30277
1698,0,1152,27170,27170,24684,29011
1699,213,11240,25494,28048,23998,29481
1700,203,14170,23545,15722,18915,30242
1701,1,13950,27974,24470,27974,25129
1702,3,7811,22137,30254,30153,17981
1703,2,12885,17629,19924,18005,17629
1704,0,11001,29999,29999,16511,29952
1705,13,11965,27653,29373,25794,25755
1706,12,3298,17367,16795,15499,18882
1707,0,12732,28024,28024,26450,29203
1708,59,82,30318,30274,16199,29153
1709,0,14585,25671,25671,28536,29413
1710,15,9932,16464,21358,22616,20109
1711,0,3136,16898,16898,23001,16186
1712,45,3386,17264,18029,30287,16261
1713,0,6748,21662,21662,21616,26856
1714,0,12047,24698,24698,28687,20557
1715,0,7817,23978,23978,28091,27796
1716,0,7620,23337,23337,16941,20707
1717,0,13333,24503,24503,27084,27168
1718,0,518,17226,17226,20805,16853
1719,0,10426,16853,16853,18991,17226
1720,8,1170,28323,27185,29566,27617
1721,0,14352,25654,25654,14960,28238
1722,0,2895,25221,25221,28043,28869
1723,0,2728,17871,17871,15725,22070
1724,0,832,24849,24849,25577,19490
1725,0,9526,17741,17741,26983,25736
1726,12,6248,19281,21609,17569,19185
1727,0,9102,24777,24777,25409,27987
1728,370,12178,15093,15078,22474,27653
1729,0,10847,28477,28477,26583,29413
1730,0,8497,23883,23883,27002,27544
1731,0,5642,18457,18457,17762,22507
1732,0,1537,24490,24490,28393,24177
1733,0,2674,25995,25995,24635,27167
1734,0,231,22313,22313,21931,28587
1735,41,1564,24205,30115,26817,24380
1736,0,6733,16044,16044,17360,20559
1737,0,1157,20162,20162,18164,28194
1738,0,6225,25902,25902,29706,26534
1739,24,6349,16528,15824,20927,20664
1740,0,5625,28636,28636,28082,27025
1741,52,7592,17751,20567,18526,23545
1742,8,11557,26703,25856,27102,28354
1743,0,7267,21739,21739,23523,18631
1744,9,8654,24938,25366,27084,29373
1745,0,4985,21070,21070,20067,28328
1746,0,13498,25595,25595,25212,25846
1747,0,3210,16647,16647,22553,19025
1748,0,6705,24635,24635,24815,27865
1749,0,3854,24076,24076,24795,28676
1750,0,13049,28043,28043,26664,24769
1751,0,5793,15382,15382,19986,22847
1752,2,4229,22556,30214,27335,22556
1753,0,12544,27391,27391,27363,22368
1754,0,25,16299,16299,16733,29681
1755,7,13160,27397,25338,27885,24280
1756,0,12329,17688,17688,16516,20473
1757,0,7434,16627,16627,23224,17067
1758,7,10708,19069,16381,23683,15470
1759,1,5157,28078,25369,28078,27880
1760,0,409,25308,25308,28384,28721
1761,0,8554,26553,26553,16035,18867
1762,0,3279,19912,19912,15164,15253
1763,0,10565,24872,24872,26500,24589
1764,0,12525,23247,23247,23293,24957
1765,1,12926,19196,20900,19196,24575
1766,2,3503,25256,25365,25213,25256
1767,0,13379,29160,29160,25409,27653
1768,0,11043,27286,27286,29653,26660
1769,1,7278,24756,25527,24756,24657
1770,0,10187,25663,25663,28394,26730
1771,0,14323,29110,29110,26817,25764
1772,0,11867,28674,28674,29809,29802
1773,0,3761,21681,21681,22443,26763
1774,0,4864,15767,15767,22611,22049
1775,42,5606,25255,15151,25101,15098
1776,11,7755,27773,28819,24668,28720
1777,2,3956,26601,29517,15230,26601
1778,0,1905,17411,17411,15533,29553
1779,0,13515,26308,26308,25031,26059
1780,0,5792,26776,26776,27051,28393
1781,0,356,15084,15084,15098,25660
1782,2,9898,25967,27343,29920,25967
1783,2,7549,22073,20242,21933,22073
1784,11,13396,28289,28000,29270,30090
1785,277,10981,29202,15241,29146,15748
1786,0,8397,22773,22773,23650,16028
1787,0,12586,24858,24858,27610,25207
1788,0,3041,19434,19434,23964,25634
1789,0,2442,24608,24608,26894,25995
1790,2,12439,23159,16636,22312,23159
1791,0,6785,21735,21735,24820,20924
1792,0,14204,27218,27218,28670,24599
1793,0,6136,26348,26348,29300,28305
1794,0,6760,29413,29413,28536,28477
1795,0,5833,21788,21788,16221,16496
1796,0,11650,17991,17991,21370,22339
1797,5,12869,29268,25634,19434,19192
1798,0,557,27309,27309,28713,26126
1799,21,13718,26755,27704,28679,27103
1800,0,10569,18264,18264,21720,20830
1801,0,2681,29454,29454,28289,29270
1802,0,6980,16251,16251,17028,19790
1803,0,8304,24799,24799,28481,27419
1804,0,3801,16792,16792,15373,16335
1805,0,7224,19771,19771,15890,26866
1806,0,3122,27023,27023,25188,25915
1807,0,6108,21922,21922,20109,24856
1808,0,228,17306,17306,19320,21597
1809,0,4138,29105,29105,29392,27201
1810,7,2031,19111,16121,16210,22339
1811,0,2093,27182,27182,28510,26672
1812,4,3640,26992,27379,25983,28179
1813,0,11951,24363,24363,24687,24787
1814,0,242,19918,19918,22715,21370
1815,3,11573,20696,18363,19887,20514
1816,0,9774,18851,18851,18893,21204
1817,233,4492,22687,18363,16220,22564
1818,0,8109,24684,24684,28726,27170
1819,0,9557,22838,22838,22072,23429
1820,216,6621,19217,16758,21431,21758
1821,0,1631,27973,27973,15035,25805
1822,1,2808,21868,19888,21868,20407
1823,0,1058,29723,29723,28425,26288
1824,0,14257,28408,28408,24823,26493
1825,0,8733,25287,25287,26452,27835
1826,0,2167,26866,26866,15890,29069
1827,4,12611,19676,23326,22312,18575
1828,0,13780,24687,24687,26534,24363
1829,0,8269,28096,28096,15127,28056
1830,0,3601,15748,15748,20830,19376
1831,0,9007,18914,18914,20448,17197
1832,0,5475,28528,28528,25723,25627
1833,0,9768,25886,25886,27694,28080
1834,58,138,30136,25113,24459,20553
1835,0,533,25216,25216,28771,25817
1836,0,2283,18608,18608,19376,27424
1837,0,9002,15336,15336,17431,19069
1838,0,835,25942,25942,29060,27773
1839,33,3560,15109,27852,26347,29300
1840,0,6933,26115,26115,28720,25157
1841,10,7687,18029,26755,18608,16274
1842,4,14031,26347,28460,29478,25753
1843,0,4048,27204,27204,27393,25645
1844,51,5802,20522,29840,21920,17653
1845,60,11715,28396,29202,26148,24896
1846,0,13254,27276,27276,25600,27971
1847,3,10788,22928,17464,18491,20051
1848,17,11269,25502,23807,14978,27971
1849,0,12292,28086,28086,26867,25691
1850,5,1085,24663,25371,26072,27687
1851,0,11619,21731,21731,22081,16733
1852,3,11862,25898,25854,25418,26177
1853,0,7841,23131,23131,22376,19641
1854,0,5667,24481,24481,24062,22592
1855,0,8862,28215,28215,29083,21556
1856,0,1768,24599,24599,25013,29113
1857,0,10973,24610,24610,26954,29812
1858,0,13713,27885,27885,27011,28947
1859,0,11765,20349,20349,23063,21868
1860,2,324,29183,26992,27379,29183
1861,3,11591,16944,18368,19304,25849
1862,0,5245,17833,17833,27051,20904
1863,14,5015,20033,30320,16483,18415
1864,0,9084,24460,24460,24891,25551
1865,9,11654,28115,30115,28877,30039
1866,52,1102,16622,17523,18987,22368
1867,0,3870,17028,17028,23011,17291
1868,0,12432,26013,26013,24847,27034
1869,14,14237,27039,27034,25755,28393
1870,0,9789,24031,24031,28053,25097
1871,1,11331,28984,15147,28984,15066
1872,0,5663,26730,26730,29888,25663
1873,0,3172,18491,18491,15325,20051
1874,0,1264,15159,15159,25220,24177
1875,0,13739,30261,30261,30242,15722
1876,0,4443,17067,17067,16627,21229
1877,0,3165,24812,24812,21750,26006
1878,0,5732,21899,21899,15555,18159
1879,0,9615,22184,22184,18526,15493
1880,0,11281,21675,21675,22245,20311
1881,0,6951,24761,24761,22031,24856
1882,0,11500,16221,16221,21788,16496
1883,0,10601,25589,25589,14997,25409
1884,0,9450,22031,22031,19542,20109
1885,0,4946,27343,27343,25530,25545
1886,744,5943,17523,15627,16528,19368
1887,15,13209,20900,19475,23001,18195
1888,0,8004,24278,24278,28080,26115
1889,0,2181,19514,19514,20224,16025
1890,0,14474,15148,15148,15229,26148
1891,0,9132,24099,24099,23907,15837
1892,3,12696,18611,17779,20128,21099
1893,24,309,28819,27536,22575,26289
1894,0,11173,22494,22494,22395,21389
1895,118,5976,22786,23494,18029,16210
1896,0,10559,21360,21360,26966,27903
1897,0,517,20805,20805,17226,23170
1898,0,1247,21651,21651,22089,20033
1899,918,11317,27097,28987,26868,26565
1900,0,1303,26743,26743,26690,27898
1901,0,2174,29142,29142,28762,29250
1902,1,6302,20863,20113,20863,22012
1903,0,3531,28587,28587,17769,22313
1904,1,235,15461,17264,15461,18342
1905,0,2758,20048,20048,20127,17762
1906,103,6626,28628,25113,30115,26817
1907,0,7503,16650,16650,19128,17697
1908,0,11086,19280,19280,19305,21521
1909,0,11810,21459,21459,27842,16658
1910,0,12899,25103,25103,30320,21626
1911,3,3914,16642,20511,21354,21310
1912,0,3891,25859,25859,24351,24156
1913,0,3772,21563,21563,17777,18576
1914,0,4800,29250,29250,29274,29229
1915,0,9536,20701,20701,15886,21689
1916,0,13569,22445,22445,19514,20224
1917,0,13893,29191,29191,27923,26536
1918,0,4753,16545,16545,16392,16688
1919,0,3646,26126,26126,19284,29060
1920,0,10276,23754,23754,25794,27869
1921,0,6464,26509,26509,30272,15309
1922,0,11074,19628,19628,22031,23215
1923,0,1381,15164,15164,19912,15253
1924,0,3157,27307,27307,29069,29310
1925,1,9452,25815,27660,25815,26498
1926,0,6213,22849,22849,21134,23293
1927,0,7821,26618,26618,25206,29028
1928,0,7758,22444,22444,22929,16786
1929,0,13145,24923,24923,27424,26534
1930,6,11296,17834,19376,19790,29481
1931,0,7287,24775,24775,27393,29852
1932,22,1418,16268,27945,15634,15052
1933,7,4651,19083,22895,22279,22073
1934,0,11743,25587,25587,17643,26106
1935,14,4290,22408,17779,20128,21099
1936,0,9905,15944,15944,27481,15309
1937,0,5197,18428,18428,28949,18589
1938,0,1964,25488,25488,28912,24902
1939,3,4100,23011,17291,17028,21495
1940,0,3082,17638,17638,17316,19111
1941,0,9903,23383,23383,23096,19654
1942,0,2680,19322,19322,20696,29914
1943,0,6858,26309,26309,25720,26139
1944,0,1694,25627,25627,29060,25942
1945,0,8794,17677,17677,16483,16132
1946,252,11150,29914,27653,25366,19772
1947,0,2976,28946,28946,28819,24668
1948,0,9489,22032,22032,15894,18991
1949,0,10142,27589,27589,28973,17991
1950,0,7643,16733,16733,15960,21731
1951,0,5462,22765,22765,19396,16273
1952,1,4756,27545,27086,27545,30324
1953,2,4197,15054,15215,15093,15054
1954,339,6556,16210,20067,21070,18611
1955,0,1293,23855,23855,24057,25261
1956,0,3624,27185,27185,29566,28323
1957,1,13741,26138,24296,26138,25208
1958,0,1343,20566,20566,28705,22001
1959,6,5623,27363,24607,27104,28696
1960,0,14268,24182,24182,25616,24652
1961,5,369,30328,28323,26347,25753
1962,0,1448,14991,14991,23683,25221
1963,0,13709,26339,26339,15930,26583
1964,0,11017,26821,26821,27075,27084
1965,0,157,19981,19981,23578,18575
1966,159,4847,28480,26083,25311,27972
1967,0,7728,22518,22518,23375,16192
1968,70,5165,29668,18968,17697,16324
1969,0,7438,20099,20099,15462,30001
1970,0,9854,22708,22708,21018,19217
1971,0,74,28007,28007,29429,25644
1972,5,12104,21310,20302,26674,27520
1973,13,9050,22520,22368,16210,17990
1974,0,9262,15877,15877,19671,22178
1975,0,6101,19215,19215,23357,22132
1976,0,1434,23129,23129,17990,23293
1977,0,4983,25169,25169,25168,25220
1978,0,113,28445,28445,18121,29028
1979,2,3825,22312,23326,22012,22312
1980,0,7442,26518,26518,25623,24431
1981,1,11779,27923,23907,27923,27066
1982,0,246,24607,24607,28510,24847
1983,0,5702,17037,17037,22786,28969
1984,0,10534,15699,15699,26465,19770
1985,0,10006,19865,19865,19305,22489
1986,0,7221,17569,17569,17629,17990
1987,45,11061,19177,24359,19111,20707
1988,0,5486,19010,19010,21163,16044
1989,6,3722,18015,16747,19376,23063
1990,13,1557,24590,29517,15230,15254
1991,0,2815,19542,19542,22031,20109
1992,0,6379,28361,28361,26735,29568
1993,143,10792,24106,18415,16739,27373
1994,19,7112,24856,23261,18088,29677
1995,0,6936,18904,18904,15793,28074
1996,0,6442,16658,16658,16028,19468
1997,0,3015,29952,29952,24550,29938
1998,0,11986,28450,28450,24987,27391
1999,0,8486,28888,28888,22472,24032
2000,0,12634,21596,21596,29267,16724
2001,0,11276,21948,21948,22773,16028
2002,1,5454,24532,25557,24532,26577
2003,2,11068,23759,26963,22028,23759
2004,218,10540,28536,24228,26212,26347
2005,0,7568,16755,16755,22006,23072
2006,0,8174,25497,25497,29486,25903
2007,0,1628,24616,24616,20705,26153
2008,0,803,16035,16035,26450,29566
2009,0,13910,28591,28591,23900,25940
2010,0,13516,27057,27057,25093,27084
2011,0,1295,20567,20567,23173,23772
2012,152,320,30152,21725,25075,25113
2013,0,4700,17577,17577,21310,23538
2014,0,6092,17360,17360,20559,18050
2015,0,2787,27774,27774,25545,28325
2016,0,9990,28973,28973,27589,21370
2017,0,6700,29075,29075,26108,18874
2018,0,3950,30185,30185,30152,25203
2019,8,8804,27034,29612,26840,27010
2020,0,5705,22597,22597,19909,23251
2021,299,7843,23952,15230,29517,21156
2022,1,3115,23635,17848,23635,16464
2023,0,10908,19770,19770,18407,16619
2024,0,7551,15555,15555,21899,23068
2025,50,8076,16258,22800,21562,22137
2026,3,12224,22279,21644,23429,15624
2027,137,1279,29263,23777,29044,24431
2028,28,7869,20666,16886,21212,19790
2029,0,10229,19482,19482,25730,17569
2030,0,9770,26588,26588,26011,24757
2031,0,12229,25764,25764,29110,28032
2032,0,2315,24462,24462,27868,28705
2033,0,11673,17662,17662,23623,22781
2034,0,4863,29948,29948,28194,28877
2035,0,6517,28726,28726,26346,23972
2036,16,10811,21960,15543,18535,17650
2037,1,12849,27788,26900,27788,28509
2038,1,7058,29083,27152,29083,28973
2039,0,1599,17648,17648,19196,20900
2040,2,948,23623,17820,22213,23623
2041,0,3485,20303,20303,26289,17065
2042,0,1045,30064,30064,29939,28442
2043,0,9367,29725,29725,26769,25507
2044,6,9589,20904,23326,15419,20522
2045,853,8514,24727,30136,17197,15109
2046,0,4918,18591,18591,19596,19849
2047,2,10906,25487,24349,29047,25487
2048,0,11398,24060,24060,20167,27941
2049,0,4898,27803,27803,26006,30240
2050,1,11470,25773,27785,25773,27923
2051,5,14345,27898,30115,24380,30039
2052,0,4559,23178,23178,27931,18874
2053,0,12008,25190,25190,24326,28842
2054,0,1926,22476,22476,16619,15920
2055,0,95,17943,17943,17266,23047
2056,0,6422,21659,21659,22905,27086
2057,1,3,22339,19111,22339,17842
2058,0,12488,19556,19556,16724,20725
2059,0,7096,28538,28538,29608,27325
2060,0,8279,29735,29735,29761,19879
2061,0,5770,20279,20279,25089,17442
2062,0,7907,21959,21959,16224,27982
2063,0,11886,29968,29968,29948,29930
2064,0,7162,24900,24900,21328,26049
2065,0,2916,25337,25337,24701,27826
2066,1,1052,30274,25203,30274,22970
2067,0,5575,22626,22626,16210,17650
2068,0,14559,24795,24795,24076,26668
2069,0,1321,27416,27416,29318,14970
2070,0,12313,28486,28486,28448,28713
2071,0,431,24315,24315,29381,27941
2072,0,2300,28899,28899,29488,28107
2073,0,9445,21465,21465,30064,29939
2074,1,0,18718,19016,18718,16139
2075,0,2807,19986,19986,15382,22847
2076,216,12855,15241,24585,29373,25794
2077,0,1103,22070,22070,30274,19720
2078,0,46,16403,16403,21431,16758
2079,0,12588,23138,23138,18491,28477
2080,0,9800,27772,27772,27011,27922
2081,1,7670,29049,24408,29049,28180
2082,0,2840,27280,27280,25113,21725
2083,0,2321,15960,15960,16733,16274
2084,0,3229,22497,22497,22312,21001
2085,0,7598,24077,24077,27014,26177
2086,9,9867,21720,19177,20127,20407
2087,0,1582,16261,16261,30327,30287
2088,0,4987,28328,28328,26325,20067
2089,0,11926,15411,15411,15827,27941
2090,0,11770,23824,23824,25220,24312
2091,7,1523,24442,28628,30093,30121
2092,408,14516,23333,22895,22073,22279
2093,0,14284,26172,26172,27682,28480
2094,0,7307,22507,22507,27382,17762
2095,0,2720,21156,21156,29517,15634
2096,0,811,29663,29663,15001,28972
2097,1,9487,25075,26743,25075,27898
2098,0,6789,21929,21929,27064,21229
2099,0,9726,24030,24030,28175,25527
2100,0,7623,16121,16121,16324,18882
2101,0,4281,20023,20023,22710,17619
2102,0,4943,18928,18928,15614,21635
2103,11,6919,15313,18800,15965,20904
2104,1,5519,27086,27545,27086,15309
2105,0,13066,21018,21018,22708,23065
2106,0,9014,24501,24501,22882,24757
2107,1,13337,25870,24637,25870,24363
2108,0,7157,20916,20916,23426,17990
2109,1,3805,25369,28078,25369,27880
2110,0,9792,27766,27766,28275,28762
2111,0,1920,22847,22847,19986,18068
2112,1,148,15470,14997,15470,15006
2113,1,9328,25371,26072,25371,27687
2114,0,11221,26381,26381,26490,27039
2115,0,5991,19634,19634,22773,15389
2116,0,4884,27680,27680,23866,29095
2117,0,3730,15784,15784,19898,15675
2118,0,590,24431,24431,24884,25623
2119,0,9497,27502,27502,23759,27397
2120,0,2638,29489,29489,27406,27491
2121,0,7422,16557,16557,26983,17741
2122,0,966,26939,26939,27982,24820
2123,0,8018,27941,27941,24133,29451
2124,0,2438,27779,27779,24961,27255
2125,0,7878,15722,15722,18915,30242
2126,4,549,19654,15656,22474,21226
2127,8,8182,25551,24329,23970,15072
2128,0,7709,21609,21609,19185,20224
2129,0,4707,16292,16292,21108,25640
2130,0,4212,28074,28074,17580,28919
2131,0,7296,23703,23703,23413,17752
2132,0,21,30306,30306,30274,30328
2133,0,7982,29370,29370,26450,28024
2134,0,6758,26169,26169,21422,26493
2135,0,10257,17870,17870,23104,28486
2136,0,6896,28133,28133,28080,29484
2137,0,11802,24187,24187,26553,27939
2138,0,7306,21906,21906,18987,22912
2139,0,9155,29603,29603,28590,29528
2140,0,13881,24214,24214,15203,24727
2141,0,8721,18281,18281,30277,29457
2142,0,12181,27051,27051,17833,26776
2143,41,10244,21758,20551,20223,17161
2144,0,10355,21776,21776,28234,23279
2145,0,5974,26289,26289,20303,24902
2146,0,3284,15712,15712,21344,18164
2147,25,1435,26465,27185,29566,28323
2148,0,6591,19368,19368,22564,16528
2149,0,11200,29809,29809,29802,28674
2150,0,4089,19024,19024,23210,22012
2151,0,13704,20242,20242,21933,16464
2152,5,2376,27778,25497,24757,28553
2153,0,11380,26817,26817,30115,24380
2154,0,9703,26911,26911,26534,25421
2155,1,12565,25557,24532,25557,26577
2156,0,13795,17752,17752,29354,23413
2157,0,9407,25920,25920,28510,27104
2158,0,7853,24709,24709,28946,28156
2159,0,7972,24579,24579,24985,24102
2160,0,7093,15325,15325,18491,20051
2161,0,605,29568,29568,23563,28361
2162,48,14560,17197,23859,29640,29801
2163,1,6996,29246,27191,29246,29107
2164,0,1898,26214,26214,26754,27404
2165,0,10576,16786,16786,19449,23582
2166,1,8648,27084,27122,27084,25755
2167,0,3698,24957,24957,24773,23247
2168,0,9415,25644,25644,29052,21879
2169,1,2017,27922,24544,27922,27011
2170,0,2447,15871,15871,17697,23411
2171,61,6983,17312,16650,19284,22530
2172,0,7328,23326,23326,15419,23474
2173,1,10311,18664,16622,18664,17516
2174,19,2559,24668,27653,25794,15241
2175,0,788,29078,29078,23057,28486
2176,0,4568,25093,25093,27057,24312
2177,0,1992,22474,22474,20825,21226
2178,0,13281,24470,24470,27974,25129
2179,0,8783,21931,21931,22313,22713
2180,0,6796,15182,15182,15240,28984
2181,0,10689,16392,16392,21794,16545
2182,0,2455,25840,25840,24791,28486
2183,0,10053,23900,23900,28591,24979
2184,0,2240,23808,23808,23809,23614
2185,0,11101,27796,27796,28570,15109
2186,0,4267,16555,16555,16809,17320
2187,1,13401,26075,24245,26075,25884
2188,19,9456,20557,21099,25699,17007
2189,0,2427,26926,26926,24783,24608
2190,0,7562,27393,27393,29252,24775
2191,43,12519,25860,24380,26817,30115
2192,0,3478,27466,27466,28791,28305
2193,0,6475,30072,30072,24329,30086
2194,0,8726,16224,16224,21959,17962
2195,0,172,18159,18159,16306,22349
2196,0,13280,23500,23500,24656,20707
2197,0,7049,20705,20705,24616,19790
2198,0,8442,30039,30039,23159,28877
2199,0,5289,16983,16983,16529,29381
2200,0,4282,28155,28155,27842,24820
2201,34,7392,22039,19715,21134,16944
2202,3,6406,20707,20407,26534,23200
2203,0,4317,24612,24612,27544,24312
2204,0,8564,29730,29730,29735,19879
2205,0,5297,28689,28689,27103,29756
2206,0,13974,15890,15890,19771,26866
2207,0,12408,23279,23279,20111,19770
2208,3,7683,16764,20407,20666,22137
2209,0,12461,27724,27724,26565,27427
2210,15,9699,24936,23889,23952,24504
2211,0,12016,27207,27207,24936,25250
2212,4,493,28987,23588,24968,28734
2213,0,10861,23717,23717,25606,25220
2214,42,7114,19389,22088,20412,20303
2215,0,11421,21108,21108,19734,28898
2216,0,12231,26577,26577,25557,24532
2217,5,12844,23466,17990,23293,17629
2218,0,9862,18088,18088,21601,23261
2219,0,12693,24893,24893,30347,29873
2220,0,13382,28889,28889,26766,25081
2221,21,14176,28180,25261,27851,27283
2222,0,9226,23972,23972,28156,28726
2223,0,6211,22485,22485,30287,19111
2224,0,4167,15965,15965,18800,14978
2225,0,10943,27122,27122,28654,25261
2226,23,10681,29300,24599,21725,25794
2227,0,14432,26428,26428,24749,27385
2228,0,10431,27722,27722,24226,23759
2229,0,14188,26855,26855,26946,27218
2230,0,6815,27757,27757,27192,27201
2231,0,2872,27144,27144,20652,29339
2232,0,13194,28246,28246,29795,28948
2233,1,11955,21204,22786,21204,28969
2234,20,4876,24657,28819,16578,17312
2235,245,643,18447,19772,18575,16886
2236,0,5361,21121,21121,22485,23400
2237,5,14807,25600,25901,26392,24756
2238,0,3933,22177,22177,20020,19172
2239,3,7520,30324,22885,25461,29468
