idx,rank,query_id,gt_id,ret1,ret2,ret3
0,0,7281,15294,15294,16048,17045
1,17,12046,26004,26000,25603,23820
2,0,4527,25902,25902,19831,19874
3,0,8346,20430,20430,22299,22300
4,0,3848,16225,16225,16415,15448
5,0,11394,17728,17728,17666,19404
6,0,10017,16763,16763,15474,16765
7,0,13534,15097,15097,16292,23573
8,0,4659,24603,24603,17361,17799
9,116,12470,15112,22916,18570,16504
10,0,12592,19009,19009,19011,19015
11,0,5195,25378,25378,20530,25379
12,0,14313,22981,22981,18426,19760
13,0,514,17995,17995,17996,21131
14,204,12543,16934,20415,22257,15625
15,0,2996,26572,26572,25929,25794
16,0,3333,16797,16797,22250,16514
17,0,11910,24959,24959,24960,19354
18,0,13983,18739,18739,17954,15048
19,0,14269,26517,26517,24168,25959
20,0,9830,16614,16614,27502,19753
21,0,5519,22356,22356,20011,24049
22,0,4089,19685,19685,15960,18627
23,0,14532,21297,21297,20975,19067
24,0,7988,21537,21537,21956,23251
25,0,1617,27513,27513,27128,27666
26,0,2378,19403,19403,19442,21199
27,29,3875,24757,25787,23763,27761
28,1,6725,22779,23370,22779,22778
29,0,6019,26111,26111,17446,23305
30,0,9677,23188,23188,21911,23976
31,0,7979,24185,24185,20937,22549
32,0,14733,19111,19111,17387,19268
33,0,2739,17966,17966,21236,17403
34,0,9319,23741,23741,22189,18495
35,0,8724,22547,22547,26481,23815
36,0,14278,27256,27256,27225,27252
37,0,7009,17190,17190,18570,19900
38,3,11818,25409,19626,18494,22975
39,0,6604,15795,15795,19769,21738
40,0,2302,20190,20190,20189,19845
41,0,350,15496,15496,22597,21963
42,0,9755,16633,16633,17161,18629
43,0,5044,20718,20718,17757,26804
44,0,4300,18941,18941,21873,24244
45,0,5882,23366,23366,22848,23988
46,0,7132,20130,20130,21129,26400
47,0,772,24398,24398,25670,26862
48,0,9599,25264,25264,22713,27132
49,0,5530,21566,21566,17498,22597
50,27,10499,16234,23380,19212,23070
51,0,13953,23573,23573,25213,17213
52,2,262,19828,15902,23169,19828
53,0,6242,20352,20352,22604,19750
54,0,5170,26349,26349,21454,24470
55,0,2802,17739,17739,23578,17757
56,123,13789,24073,21184,23091,16292
57,0,889,20937,20937,24185,21124
58,0,7474,16003,16003,16725,15992
59,1,8120,21084,27322,21084,17004
60,0,8933,23214,23214,25169,25111
61,0,8254,19663,19663,18738,20110
62,0,9379,20423,20423,20209,18733
63,0,3638,27145,27145,23089,20105
64,0,6333,26741,26741,16277,15104
65,0,12014,24819,24819,19106,25683
66,0,3467,17860,17860,17858,15487
67,0,1045,22913,22913,24205,24953
68,0,6083,25687,25687,25196,26060
69,7,4451,26051,22953,26095,15617
70,0,6358,25797,25797,27270,25381
71,0,13992,17895,17895,22769,17630
72,0,10384,15314,15314,16907,15318
73,1,10694,20766,20765,20766,19521
74,0,13216,19228,19228,15499,19091
75,0,928,24444,24444,27424,27539
76,0,1838,20784,20784,15971,17403
77,0,2642,22618,22618,22597,15496
78,0,10555,15517,15517,16265,16857
79,0,122,24960,24960,24959,18724
80,0,7899,26098,26098,16893,23998
81,0,7668,27538,27538,24301,26557
82,32,12564,16522,23127,15476,15625
83,0,11495,19973,19973,23950,22976
84,0,5608,21950,21950,24775,24768
85,0,3943,18578,18578,16618,27430
86,0,12706,17922,17922,16606,17937
87,0,466,20859,20859,20857,20848
88,20,11101,22430,23089,24415,20105
89,0,12871,20323,20323,15883,20848
90,0,6028,16967,16967,20635,19071
91,135,12466,21754,23891,25173,21671
92,0,279,15102,15102,15185,14951
93,0,9273,21783,21783,22856,19548
94,0,5413,17008,17008,17010,17011
95,0,11037,16039,16039,17679,15141
96,0,8975,21580,21580,18842,22014
97,0,13805,25220,25220,24303,21655
98,0,9876,16066,16066,16067,16522
99,0,1212,17335,17335,15704,19433
100,0,1668,19015,19015,26913,26059
101,0,2079,20934,20934,26897,24266
102,0,5079,21737,21737,18953,21780
103,0,2510,25198,25198,22366,21594
104,1,4207,20385,18334,20385,22882
105,0,733,17056,17056,16989,15591
106,10,6739,15476,24411,16749,15731
107,5,7452,15132,15436,15423,15018
108,0,9234,23313,23313,21781,26061
109,5,12817,23148,22765,26589,18881
110,0,4355,22243,22243,23051,17008
111,0,13020,19281,19281,15125,20630
112,0,12112,23904,23904,21958,24585
113,0,2047,19932,19932,26289,21030
114,0,4584,15574,15574,17172,18011
115,0,11727,23543,23543,26615,21261
116,0,3529,26017,26017,26577,26585
117,61,869,25828,23578,18276,18278
118,0,6343,26433,26433,26165,26178
119,13,4379,26387,22008,25373,18344
120,0,8865,26700,26700,24255,22661
121,1,9680,20418,20419,20418,24069
122,0,5633,24919,24919,17349,21733
123,55,9114,20389,19063,15750,20701
124,0,2243,21989,21989,24537,18825
125,394,2516,23187,23673,18280,21988
126,56,13748,17819,17320,19588,22458
127,0,4016,25376,25376,26345,21696
128,0,12108,16449,16449,24953,20681
129,0,1222,16677,16677,22725,15125
130,0,13323,18902,18902,19342,19341
131,0,808,17170,17170,25220,21259
132,0,10748,21495,21495,23526,24061
133,0,4212,20889,20889,25769,26792
134,0,2018,15878,15878,16205,23301
135,0,12321,22829,22829,22979,23293
136,0,356,22666,22666,22665,19016
137,0,11845,19641,19641,17986,23543
138,7,3733,26750,24775,24768,23382
139,0,4549,25999,25999,23950,19973
140,12,628,23970,23968,18792,27230
141,0,391,24821,24821,16425,20485
142,0,3662,23556,23556,23966,26615
143,0,6394,25270,25270,19171,26884
144,0,6258,21218,21218,22549,18939
145,0,1124,16828,16828,16323,15994
146,0,6861,25517,25517,19361,24130
147,0,383,26271,26271,25816,17840
148,0,11134,20817,20817,20819,21277
149,0,7823,21592,21592,23119,15456
150,4,129,23070,27045,18792,27230
151,0,1644,24244,24244,26890,25458
152,1,1430,17417,18882,17417,15771
153,3,9704,15436,15132,15423,15241
154,2,9675,23015,23544,19141,23015
155,0,4701,20722,20722,19607,18671
156,2,6995,22061,22668,24386,22061
157,0,3254,23752,23752,19046,27465
158,0,732,18692,18692,21611,18694
159,0,13196,27581,27581,23261,22173
160,13,11621,19848,23079,24468,20910
161,0,13608,23886,23886,25917,20630
162,0,12893,18874,18874,16523,17293
163,0,6432,16171,16171,18167,24162
164,0,6202,16499,16499,16668,15544
165,0,4336,15736,15736,20869,20807
166,0,517,17785,17785,17895,26134
167,1,4028,18334,22882,18334,18220
168,0,7705,22713,22713,25264,24434
169,0,12133,16684,16684,16657,16682
170,2,2700,16800,17949,20003,16800
171,0,14320,22834,22834,16722,22725
172,0,3315,21229,21229,23160,22008
173,0,10177,26481,26481,22547,22981
174,1,8696,21186,21188,21186,20146
175,0,8654,19067,19067,16250,23443
176,0,9032,22443,22443,17626,21625
177,0,5774,22505,22505,19171,19874
178,0,5414,26114,26114,21030,25769
179,0,278,15025,15025,15969,16844
180,0,9900,17627,17627,18297,24375
181,0,6273,17369,17369,17396,19268
182,0,4369,18709,18709,25349,19926
183,0,12195,18980,18980,16130,19592
184,8,823,24303,17082,23966,27041
185,0,7642,18655,18655,17328,15159
186,0,3135,21781,21781,26638,21788
187,0,9120,22432,22432,21662,22430
188,21,4580,22339,17643,19433,20470
189,0,2515,23811,23811,26345,23277
190,0,2951,18667,18667,17021,18394
191,0,10160,17840,17840,17958,20981
192,11,13598,24990,26891,25787,24928
193,4,10138,23923,18304,21945,24556
194,0,12641,22538,22538,22539,26615
195,2,5900,17563,22244,25760,17563
196,0,10255,20893,20893,20223,15360
197,0,1051,15218,15218,22703,23607
198,0,4424,16148,16148,25578,21257
199,0,2945,25258,25258,24933,23251
200,0,2308,15864,15864,25844,27710
201,0,4817,24248,24248,22160,22977
202,0,7970,19607,19607,26804,18855
203,2,14193,18689,19985,17711,18689
204,0,11862,23433,23433,25819,22680
205,0,5969,23190,23190,26850,21648
206,88,11230,24434,17361,26230,24603
207,0,713,22983,22983,24884,26689
208,0,4406,18700,18700,17440,18344
209,0,4463,17649,17649,15750,20701
210,0,3966,19730,19730,26436,19731
211,0,12778,17844,17844,21977,23881
212,0,10561,17262,17262,15591,20015
213,34,13679,19149,15936,17325,17324
214,0,2705,15839,15839,15259,15258
215,0,14117,23558,23558,23020,23499
216,0,738,21775,21775,21648,18842
217,0,12044,16150,16150,16153,17018
218,0,2352,19813,19813,21770,16070
219,0,13504,21811,21811,17286,24370
220,0,12362,19480,19480,19478,19123
221,2,5839,18152,22514,21755,18152
222,454,2731,22725,14997,16310,23148
223,0,9267,17396,17396,27219,17369
224,1,11255,24654,22953,24654,22977
225,0,11007,23261,23261,27581,18572
226,0,1138,21885,21885,15939,21884
227,4,4472,25742,22778,23370,22779
228,0,13255,21405,21405,21687,21406
229,10,4485,26357,14966,24102,21770
230,50,8119,24337,24448,21131,22235
231,0,9853,21848,21848,21553,17940
232,20,8746,24989,27399,26060,27786
233,0,11021,19430,19430,25898,23239
234,0,14176,27015,27015,20747,18381
235,0,10280,17858,17858,17860,16172
236,3,3578,23968,18792,23380,18618
237,0,3999,23884,23884,17403,26982
238,0,11265,22578,22578,18587,23356
239,0,8929,23143,23143,21376,24606
240,0,12479,22319,22319,26739,17226
241,2,12161,21261,24108,22895,21261
242,2,2852,21357,22514,21755,21357
243,3,3717,22668,21820,22061,22597
244,0,4762,21030,21030,26114,21902
245,0,10010,20739,20739,16173,16061
246,0,8148,18495,18495,23741,22189
247,0,9136,20963,20963,24049,23282
248,0,416,18278,18278,18276,18277
249,0,8336,20095,20095,19603,16944
250,0,10646,18856,18856,18859,16261
251,0,4234,24741,24741,22636,26793
252,1,8364,23744,17082,23744,18297
253,4,11373,27698,23499,25819,23305
254,0,11726,24429,24429,16622,23657
255,0,3535,16721,16721,16722,22725
256,109,5031,16765,14951,20593,23572
257,0,7406,21738,21738,15795,19537
258,0,5038,22619,22619,22366,23734
259,0,12710,25394,25394,27386,26463
260,0,861,27207,27207,23958,25296
261,0,2795,14994,14994,15097,17115
262,0,11153,16751,16751,18666,15476
263,0,10952,24746,24746,24519,17016
264,18,470,27753,15098,15241,15097
265,0,2722,23282,23282,24049,22650
266,0,6048,23230,23230,19354,15681
267,0,5022,23438,23438,18666,16751
268,0,6632,18620,18620,16447,21762
269,0,4159,18057,18057,18617,25416
270,0,14794,24111,24111,22575,20256
271,0,14352,16327,16327,19061,15476
272,0,749,15474,15474,15468,15475
273,0,7287,18734,18734,18825,24737
274,0,10768,15648,15648,16705,20852
275,0,4601,17599,17599,17283,23692
276,0,14198,18015,18015,18014,26886
277,2,14175,15258,16639,15259,15258
278,0,7649,26653,26653,23229,24562
279,0,11147,20819,20819,20817,21277
280,0,6438,15960,15960,18627,21668
281,0,13143,16138,16138,18784,15577
282,0,12541,23090,23090,23188,18511
283,0,4579,22257,22257,20415,16149
284,0,10354,21700,21700,16282,18228
285,0,12403,24693,24693,19031,27172
286,0,11460,25020,25020,27059,18748
287,0,12350,16989,16989,17056,19175
288,0,9213,25169,25169,23214,24342
289,0,3045,15698,15698,15716,18627
290,3,7734,22936,20464,20465,19290
291,0,947,22278,22278,24823,18556
292,0,315,19858,19858,19779,24117
293,1,10036,16350,19946,16350,16349
294,8,77,19571,18733,25277,25286
295,1,9590,19507,16481,19507,17245
296,0,10847,18572,18572,25755,16421
297,13,9988,23347,26095,22953,24654
298,0,2981,21575,21575,26750,25300
299,0,10043,25498,25498,25427,25428
300,0,10756,16403,16403,23998,21357
301,0,8138,24363,24363,24716,26631
302,0,7765,17725,17725,16898,16887
303,2,11426,16081,20953,16525,16081
304,0,1854,25892,25892,19750,21412
305,0,14058,18109,18109,25769,27782
306,0,3596,27382,27382,27752,19927
307,0,7047,15475,15475,15468,19900
308,39,10968,17388,23886,16754,19031
309,0,3066,26909,26909,26913,26059
310,0,11238,21211,21211,22082,23997
311,0,13188,24432,24432,26686,25173
312,1,4029,25519,25237,25519,24174
313,1,11369,15905,19981,15905,19797
314,0,301,22953,22953,25505,16840
315,0,7387,18503,18503,20057,20249
316,0,11846,15571,15571,21978,15565
317,2,8790,23922,19202,21988,23922
318,0,1434,17790,17790,16559,18442
319,0,5331,20314,20314,23144,18220
320,0,1521,20249,20249,20076,21717
321,0,9507,19406,19406,19419,19191
322,0,9632,16452,16452,15112,26925
323,0,4737,23051,23051,22243,17337
324,0,34,27495,27495,27595,27638
325,0,7918,23476,23476,15606,17476
326,0,12088,15900,15900,22652,21988
327,4,14386,23702,26660,17954,26296
328,0,14430,25819,25819,23305,23499
329,0,5737,18592,18592,21598,20022
330,0,6180,20347,20347,20348,20311
331,56,14596,25863,15451,18689,27782
332,45,9404,18352,18792,24831,17578
333,0,13725,16474,16474,27104,15122
334,0,8384,19354,19354,20532,19812
335,15,3397,23815,24696,25430,26647
336,0,13849,19100,19100,22800,19204
337,0,14332,15307,15307,23615,23614
338,0,6003,24182,24182,24562,24989
339,5,10474,24255,24775,24768,23382
340,0,708,15106,15106,16894,16518
341,0,11494,20523,20523,19453,21594
342,0,6495,26243,26243,26815,24983
343,3,12519,25278,24928,25787,26891
344,1,12664,24655,26438,24655,27202
345,0,10692,16794,16794,16065,14973
346,0,11113,24730,24730,17633,22388
347,0,5467,26569,26569,25027,18011
348,0,1776,16561,16561,17554,15878
349,0,12399,26463,26463,27386,25394
350,0,5426,24386,24386,22668,25195
351,0,12231,20503,20503,20860,19088
352,0,7478,15100,15100,16227,15549
353,78,13970,24928,26046,26041,23368
354,0,10166,24084,24084,25042,24026
355,0,596,18794,18794,20532,21843
356,2,2454,17856,25021,23081,17856
357,0,2595,27600,27600,27599,26557
358,0,8459,19453,19453,20523,21594
359,0,5439,22734,22734,18578,17333
360,0,13125,21541,21541,19141,19838
361,2,8248,27670,27657,27457,27670
362,0,38,21802,21802,21804,24593
363,0,9306,26230,26230,17361,24603
364,0,5390,18017,18017,24519,15880
365,33,7012,27424,27495,27131,26548
366,0,11188,17245,17245,16481,15758
367,0,11527,27069,27069,27151,27515
368,0,6617,22434,22434,25428,25427
369,0,9635,18403,18403,18404,17147
370,0,1254,24884,24884,22983,26069
371,52,2245,22991,21843,27114,21006
372,0,12611,22582,22582,18041,23031
373,0,4557,26304,26304,24696,23820
374,0,10913,20521,20521,20510,20526
375,0,9373,23091,23091,27158,27010
376,0,3016,18457,18457,21229,22688
377,31,13445,27502,24472,26051,16800
378,0,8166,16145,16145,16504,17827
379,0,10541,21937,21937,23195,22043
380,0,9021,20011,20011,22356,27638
381,0,14797,21239,21239,25668,19147
382,0,9866,25344,25344,23352,20216
383,0,5792,21725,21725,18681,21261
384,0,11395,17004,17004,27322,24477
385,0,8775,21283,21283,21286,15118
386,0,13477,19182,19182,23475,15937
387,0,12537,17554,17554,16561,19908
388,0,7428,24953,24953,22913,26004
389,0,13247,23681,23681,19594,15134
390,2,11997,20178,20635,18433,20178
391,0,13037,22964,22964,19797,19981
392,0,4846,23652,23652,23494,24185
393,0,2230,18625,18625,16335,15493
394,0,14225,24370,24370,21811,25623
395,0,14244,19167,19167,26638,18855
396,0,5720,17333,17333,17008,18167
397,3,770,26587,27194,26828,27512
398,4,9293,15771,23132,25891,15112
399,0,14105,15062,15062,17226,15282
400,0,4712,24271,24271,27004,25458
401,179,4725,27173,14966,20162,23970
402,0,10597,16130,16130,20450,19322
403,5,3491,17653,27203,27753,17666
404,0,8189,25504,25504,15114,17792
405,0,9640,27071,27071,27261,25251
406,0,1443,27290,27290,17715,19967
407,1,12216,26438,24655,26438,27202
408,100,2247,25769,27623,24562,27399
409,0,1863,25282,25282,19730,20124
410,0,3137,16514,16514,16511,15106
411,5,4301,27498,27600,27595,27327
412,0,9077,19175,19175,16989,16282
413,0,12787,20861,20861,20807,20869
414,0,3779,16747,16747,18856,21748
415,0,2701,16594,16594,21307,19207
416,0,9744,22768,22768,25769,21129
417,0,9751,17057,17057,19881,18343
418,0,11634,21339,21339,19858,25976
419,0,14492,18616,18616,16048,25809
420,17,3510,27113,16048,15910,18337
421,0,9823,23320,23320,23318,15813
422,0,374,19826,19826,21131,18946
423,0,5552,16415,16415,16225,15448
424,0,8911,19352,19352,23793,18748
425,0,11407,17286,17286,21811,23260
426,3,4837,18618,27728,27753,27756
427,0,3622,25670,25670,24398,25101
428,0,99,15674,15674,16212,16940
429,0,7329,22636,22636,24741,19554
430,2,1524,17630,27708,17629,17630
431,0,13524,25952,25952,26343,23414
432,0,6069,17937,17937,17922,17925
433,0,1448,15284,15284,25712,23223
434,2,11705,23711,26495,26496,23711
435,0,12990,17606,17606,17612,18170
436,125,13014,23502,23318,23320,15813
437,0,12118,27219,27219,17396,24989
438,0,874,15737,15737,15747,15242
439,0,489,20540,20540,20428,21261
440,0,13027,21842,21842,19150,24107
441,0,3787,24606,24606,21376,24610
442,0,3866,27628,27628,27537,27598
443,0,8142,16908,16908,19772,18286
444,0,5383,24561,24561,24983,21017
445,5,12232,17531,25755,19001,18331
446,0,13975,18666,18666,23438,16751
447,0,12259,19779,19779,23987,24303
448,0,3531,23997,23997,23998,21211
449,0,6006,23391,23391,24423,18861
450,30,8320,23527,26891,25787,24928
451,0,948,23464,23464,25445,20979
452,0,4597,20428,20428,17986,20314
453,0,8002,15871,15871,22997,20521
454,0,4842,21340,21340,22876,26243
455,0,11879,25021,25021,21428,23081
456,0,2181,19537,19537,16381,18146
457,0,8013,22650,22650,24158,20971
458,0,8286,15487,15487,22048,17860
459,0,3608,20251,20251,26871,15693
460,0,11685,23677,23677,23678,26144
461,0,4687,24221,24221,15364,20910
462,0,4025,21655,21655,21261,16936
463,0,11408,23651,23651,26019,25627
464,0,13545,21112,21112,18970,24286
465,0,30,17641,17641,17335,16316
466,0,10870,19937,19937,20385,19941
467,0,9285,24570,24570,24568,19259
468,0,266,25805,25805,22768,25820
469,0,1718,20532,20532,21006,19812
470,0,5685,21131,21131,24448,19826
471,0,10621,15164,15164,18629,18337
472,0,476,27091,27091,24522,27090
473,0,8219,19341,19341,19342,19344
474,0,84,23081,23081,20607,25021
475,0,5241,21294,21294,16416,15443
476,0,10309,19797,19797,23159,22964
477,0,14273,18128,18128,19600,22173
478,0,11653,19427,19427,23502,23806
479,0,12847,22133,22133,16488,22725
480,0,573,23092,23092,17659,18576
481,5,13862,22705,26796,19349,20270
482,1,9511,24945,27066,24945,17250
483,0,4652,23727,23727,26857,16660
484,0,10509,23542,23542,22953,23713
485,0,2495,17016,17016,17018,16090
486,0,10111,20975,20975,21297,21283
487,0,2204,15904,15904,17045,15908
488,1,13062,22294,25416,22294,22616
489,2,7382,17822,16993,18587,17822
490,0,6233,25122,25122,24504,21399
491,0,12793,25706,25706,24420,21564
492,86,181,23826,20454,23833,25167
493,0,1394,15555,15555,20076,21028
494,0,2325,18471,18471,15971,17508
495,0,5188,25847,25847,27644,27608
496,1,10256,17827,20209,17827,18043
497,0,3916,16310,16310,24821,16425
498,0,7255,16667,16667,16537,18301
499,2,6929,25265,24816,22378,25265
500,0,12898,19760,19760,19966,18426
501,9,11063,16139,27382,27752,19927
502,0,7109,17815,17815,18167,17052
503,2,1672,26144,27388,23970,26144
504,0,6600,26220,26220,22160,24061
505,0,9558,23193,23193,21084,27230
506,0,4044,17658,17658,16918,16491
507,2,59,21188,21186,20146,21188
508,0,8422,15908,15908,15904,17045
509,0,2292,26193,26193,16993,24937
510,0,2893,26557,26557,27538,27513
511,0,5231,21945,21945,26750,23106
512,0,6004,22067,22067,17696,25854
513,2,14531,20593,19202,15131,20593
514,0,8212,26975,26975,26976,24352
515,1,801,22719,23123,22719,15531
516,0,4918,21497,21497,17337,18445
517,0,4651,26407,26407,27025,23395
518,0,3558,19474,19474,27010,22622
519,0,8680,16820,16820,17768,16017
520,0,6869,25660,25660,16523,26585
521,0,8861,19244,19244,19513,25300
522,0,1955,16383,16383,17626,22442
523,0,14163,17250,17250,27066,24945
524,175,14232,27232,23562,27475,19588
525,0,2823,20485,20485,24821,16425
526,1,12809,27252,27243,27252,26392
527,0,12525,25893,25893,20057,20968
528,0,3945,21921,21921,27107,17232
529,0,14030,21805,21805,18212,18273
530,0,11743,19102,19102,22067,23702
531,0,11094,23797,23797,24107,26804
532,0,3299,18553,18553,18565,18566
533,0,148,16273,16273,15018,15423
534,0,14647,19057,19057,27113,15363
535,0,8716,18490,18490,19669,23806
536,0,1433,16559,16559,17790,18442
537,0,14261,15994,15994,16323,16727
538,0,351,16491,16491,22882,19982
539,0,11510,20035,20035,21159,23998
540,41,6593,16639,22916,17827,16640
541,0,10189,17340,17340,20111,26408
542,1,8655,22960,27570,22960,27409
543,0,10144,21744,21744,21458,26539
544,0,11130,20132,20132,20131,20057
545,0,9001,15111,15111,15110,23806
546,0,14451,17110,17110,17957,26296
547,0,6350,26172,26172,26059,25117
548,0,5251,15910,15910,16048,27203
549,0,1568,18967,18967,18968,18724
550,0,5181,16291,16291,27498,24301
551,0,3707,21611,21611,18692,17052
552,0,7209,19926,19926,18738,19603
553,0,7727,27026,27026,27539,17976
554,0,14565,19669,19669,21732,18490
555,0,10050,23580,23580,17232,17971
556,0,7661,24316,24316,25012,17958
557,0,1851,21884,21884,26114,21885
558,0,5683,21963,21963,21594,16582
559,2,3472,22882,16918,26267,22882
560,30,5084,27761,23738,21638,23833
561,0,695,26833,26833,27380,21876
562,0,6521,16944,16944,20111,16945
563,0,9791,22929,22929,22949,23649
564,126,14898,22040,21505,18618,18352
565,0,11719,18881,18881,26589,22765
566,0,10288,24822,24822,24095,26137
567,0,3217,26630,26630,26871,20251
568,0,9335,22638,22638,27132,16250
569,0,4193,19989,19989,26267,17375
570,1,14065,16907,25712,16907,15245
571,0,9749,20615,20615,17306,17303
572,0,12533,16826,16826,19150,22602
573,0,10988,17390,17390,19028,17388
574,0,2532,20216,20216,24737,24861
575,9,4504,17360,19212,16149,18792
576,0,2176,27577,27577,27683,21621
577,26,9005,20953,19338,19649,16944
578,0,2109,26792,26792,25769,18906
579,0,6346,22792,22792,22791,25678
580,0,6130,22205,22205,22497,24418
581,0,6237,15780,15780,18689,18931
582,0,10602,25042,25042,24084,18738
583,102,12554,22653,17320,19588,18010
584,0,362,21028,21028,20076,24049
585,0,8653,22549,22549,24185,25589
586,0,13072,23210,23210,21671,18836
587,1,6090,19202,23922,19202,21988
588,0,7497,15098,15098,19493,15018
589,0,3842,27409,27409,27131,27570
590,1,643,19315,18962,19315,18961
591,0,12609,21795,21795,18283,23144
592,0,6771,15758,15758,17245,17248
593,0,11276,20111,20111,16944,20109
594,0,13389,20755,20755,20714,20747
595,0,8892,21589,21589,25344,23352
596,1,4105,17018,18033,17018,22682
597,0,3065,25925,25925,26586,26239
598,0,4270,16537,16537,16667,18301
599,0,10237,21823,21823,23966,27041
600,1,2278,17629,17949,17629,20003
601,4,6899,26585,26793,26051,25920
602,0,3796,18891,18891,20146,20126
603,0,7418,16200,16200,15161,25895
604,0,14760,17908,17908,18402,17453
605,0,9426,25589,25589,21948,23494
606,0,6951,19037,19037,15134,16660
607,0,6982,26732,26732,16843,19796
608,0,7315,15305,15305,18949,15304
609,0,4401,26622,26622,26638,21788
610,0,10805,19533,19533,23702,22294
611,0,7267,21470,21470,25848,21467
612,0,8972,17446,17446,17715,26111
613,0,10318,23396,23396,19303,24841
614,1,2095,18276,18278,18276,18277
615,0,10825,25710,25710,27140,23607
616,0,9737,22250,22250,16797,22575
617,0,7407,18748,18748,18443,18202
618,0,9714,16421,16421,18280,17640
619,0,6633,16678,16678,23981,19069
620,11,5032,15015,14951,15102,23572
621,0,3804,15741,15741,15764,15888
622,0,1269,23106,23106,23103,15971
623,0,6962,22740,22740,22571,27539
624,0,12761,23678,23678,21339,23677
625,0,13552,25462,25462,23347,23551
626,0,8595,24823,24823,22278,21671
627,0,8756,27576,27576,15633,27230
628,0,1089,16149,16149,19212,17360
629,109,14861,27782,17369,23414,17396
630,0,4700,22502,22502,19319,21451
631,0,8849,21857,21857,16998,17194
632,0,2924,23998,23998,23997,26098
633,0,9125,18964,18964,18846,21606
634,5,13848,24476,23079,24081,24468
635,0,2375,18443,18443,25208,24316
636,0,4208,15693,15693,17047,19730
637,99,14905,27704,25828,18352,15282
638,0,4050,23916,23916,27570,26752
639,0,10408,24322,24322,18536,25343
640,0,8676,19272,19272,22517,18700
641,390,12369,17708,17666,27756,27753
642,2,13312,17361,17360,19042,17361
643,0,9383,19585,19585,22700,19584
644,0,1632,20189,20189,20190,20182
645,0,23,23915,23915,22928,26232
646,0,14856,19069,19069,18649,27203
647,0,952,26232,26232,27498,16291
648,0,3549,25251,25251,26523,27261
649,9,12094,17866,19171,19172,23380
650,0,10987,21614,21614,25614,14966
651,0,13685,24061,24061,21495,16265
652,0,8123,18846,18846,17010,18964
653,0,4362,16511,16511,16518,15106
654,39,12804,19859,25278,20630,19328
655,0,13259,16519,16519,18426,15899
656,0,9762,16952,16952,21108,25697
657,0,13471,20723,20723,18996,16099
658,0,5960,15453,15453,18254,19361
659,0,1455,16844,16844,27164,18360
660,36,3754,22560,16814,17643,20470
661,0,14526,23245,23245,15133,26791
662,0,3846,15021,15021,14991,14999
663,0,12440,25726,25726,22160,27272
664,0,443,15125,15125,15122,14955
665,1,4180,25277,25286,25277,23969
666,1,12058,27172,27264,27172,19031
667,0,7862,20105,20105,25689,23169
668,0,8528,24568,24568,24570,20938
669,0,4978,24556,24556,19518,25038
670,0,5850,15825,15825,16439,16438
671,0,5967,23302,23302,19897,18861
672,0,6714,17476,17476,21475,26069
673,0,8551,19319,19319,23983,22502
674,0,11575,18681,18681,21725,18802
675,1,3230,21820,22061,21820,22668
676,0,521,23958,23958,27539,27207
677,0,10479,25202,25202,24161,27498
678,0,11772,18877,18877,20630,16799
679,7,5808,26586,26828,27194,27512
680,0,1355,18660,18660,20380,20389
681,1,11757,22659,22573,22659,24658
682,0,14120,21414,21414,18775,23424
683,0,10755,16447,16447,18620,17666
684,3,7686,16090,26230,17361,24603
685,2,2658,27303,27296,27297,27303
686,1507,5871,24448,16893,16913,20366
687,0,2799,27490,27490,27683,26557
688,0,1833,15937,15937,23826,23820
689,0,13139,26343,26343,25952,17905
690,0,6309,21074,21074,24034,24161
691,10,11246,19091,22458,16506,19588
692,0,10908,21500,21500,15577,22492
693,5,12808,23062,25505,22953,26095
694,0,1241,22765,22765,18881,23148
695,7,4540,23833,23763,23820,16398
696,0,10751,25399,25399,25848,19948
697,0,8509,20759,20759,23205,20451
698,0,540,19908,19908,17554,25977
699,0,478,15304,15304,15305,18949
700,19,4477,27570,24714,27595,19665
701,0,4258,23260,23260,20852,21811
702,0,8562,24594,24594,26757,19037
703,0,8971,25458,25458,26890,27004
704,0,4714,20146,20146,21186,18891
705,1,9693,25000,25519,25000,25423
706,0,455,21054,21054,16861,21049
707,0,7476,15259,15259,15258,21765
708,1,8876,17626,21625,17626,22443
709,0,7162,17781,17781,16749,15731
710,0,1582,16577,16577,17804,25884
711,0,14002,25709,25709,21897,23367
712,18,11340,20415,19212,18618,18792
713,0,9287,20843,20843,15895,20400
714,0,6386,27318,27318,25564,21475
715,0,14156,16858,16858,24321,17541
716,0,8812,21111,21111,22489,19268
717,3,161,21762,23350,14966,18733
718,0,4662,23901,23901,27488,27376
719,0,815,19290,19290,20464,20465
720,284,10083,18241,15526,16788,18653
721,0,12661,19386,19386,19033,20307
722,0,1063,15245,15245,23223,25712
723,0,5860,21755,21755,22514,18700
724,0,8480,15942,15942,19164,20162
725,1580,9721,16277,16751,17653,15625
726,0,6480,15657,15657,18595,18594
727,0,10523,19518,19518,24556,20323
728,0,1399,23562,23562,25134,25687
729,0,8951,22684,22684,18033,22682
730,25,14743,24126,24786,22656,18513
731,0,12498,24420,24420,25564,25706
732,0,5474,24841,24841,23396,19303
733,0,13331,19345,19345,21405,21687
734,5,3489,16518,18856,19173,16264
735,0,9229,15791,15791,21584,27504
736,0,10797,22391,22391,22355,22792
737,0,787,16520,16520,15069,15114
738,0,8227,26674,26674,26775,16907
739,0,10842,27168,27168,17523,17325
740,0,1927,16425,16425,24821,20485
741,0,11406,17905,17905,26343,25952
742,0,10807,26191,26191,25273,25915
743,0,11185,24518,24518,26749,19629
744,0,8830,15612,15612,16499,17658
745,0,11464,15883,15883,20323,19794
746,0,7606,24312,24312,22478,25050
747,2,13144,20425,19121,19191,20425
748,0,980,20869,20869,15736,20861
749,0,1612,16448,16448,16864,15259
750,0,10500,21531,21531,22734,18202
751,0,5068,27436,27436,20034,20031
752,66,2875,15531,16250,24468,16958
753,0,12411,15659,15659,22602,18618
754,0,1119,26497,26497,26495,23711
755,0,13857,17867,17867,19404,18653
756,11,3086,27114,22960,27318,27570
757,0,7369,19527,19527,23724,23613
758,10,5709,27682,24301,26557,27538
759,0,1482,26828,26828,22430,22432
760,0,2663,27106,27106,27598,24562
761,17,10999,23443,21671,21945,25895
762,0,7091,24107,24107,23797,21842
763,0,1673,22854,22854,23650,23331
764,0,10119,19478,19478,19480,19123
765,0,1565,24138,24138,17189,24654
766,0,10737,17051,17051,20845,15895
767,0,6362,27666,27666,27538,27520
768,0,13715,25891,25891,18671,19690
769,0,7926,21733,21733,26257,23113
770,0,14342,19966,19966,15899,18685
771,0,8737,26515,26515,27327,24505
772,0,10095,20039,20039,27752,20034
773,1,4281,16087,16088,16087,16090
774,0,9185,22648,22648,24468,25803
775,0,4203,15704,15704,19433,16814
776,1,6690,21988,24415,21988,19202
777,3,13714,22871,22975,19626,25409
778,0,10861,18617,18617,25416,17666
779,0,13907,18413,18413,15131,15475
780,0,250,25361,25361,26862,26834
781,14,12848,17498,21868,25709,19268
782,0,3505,27059,27059,25020,24130
783,1,13041,20048,22285,20048,22300
784,416,8596,19212,15274,24411,24434
785,1,2583,24784,16212,24784,15674
786,0,5918,26968,26968,21989,24418
787,0,12146,16358,16358,16238,16145
788,39,2931,21662,17630,20439,16864
789,6,6482,25348,23793,25898,21614
790,0,7019,23437,23437,18802,21646
791,0,10071,17189,17189,24138,19962
792,0,192,20345,20345,20266,20273
793,0,1811,20979,20979,22618,23464
794,0,5359,16923,16923,16873,16924
795,0,1774,15161,15161,21399,23113
796,0,4445,16916,16916,16936,16491
797,2,3147,23937,23945,27344,23937
798,0,6257,26511,26511,27595,27190
799,0,6366,17986,17986,20428,21261
800,0,8232,18175,18175,25716,18655
801,0,1258,15468,15468,15475,19900
802,5,7326,25854,26890,24244,25458
803,0,14497,23692,23692,17606,17765
804,0,12619,25678,25678,22979,22792
805,0,5592,20316,20316,26775,19303
806,1,9453,24069,22597,24069,22366
807,0,4731,21214,21214,25042,23132
808,0,5069,20034,20034,27436,20031
809,0,10666,15012,15012,24141,24411
810,0,11398,26436,26436,19730,26309
811,0,3613,26862,26862,25361,27485
812,0,9715,24158,24158,22650,18530
813,0,6050,20209,20209,15462,20423
814,0,620,17499,17499,17498,16725
815,0,8034,19649,19649,26804,23132
816,0,5931,23981,23981,20314,22298
817,0,3832,20270,20270,23494,22515
818,2,57,26239,26664,27512,26239
819,107,36,17324,20485,16310,18649
820,0,4413,22252,22252,21191,24434
821,0,7541,21144,21144,20386,21167
822,0,2141,25523,25523,25476,20562
823,1,1183,24522,24326,24522,27090
824,0,9745,20714,20714,20755,20739
825,0,5938,15922,15922,24983,21219
826,0,6088,21804,21804,21802,25264
827,0,10943,18308,18308,18309,20910
828,15,7511,26296,17115,18019,17464
829,0,10845,21881,21881,21880,23158
830,4,6915,22665,27344,23945,17858
831,0,9042,20193,20193,15518,25578
832,167,752,17564,23123,22719,15531
833,0,3282,26523,26523,25598,27225
834,1,13343,18936,20605,18936,18448
835,12,6215,25979,16316,19290,17641
836,2,1454,26069,27327,27547,26069
837,0,1912,24995,24995,25779,16958
838,0,10076,19106,19106,24819,17508
839,1,11766,17666,17653,17666,18352
840,0,3538,27468,27468,27327,27341
841,0,13514,20182,20182,20181,20190
842,0,9950,26521,26521,19926,24135
843,0,2832,21748,21748,15074,16747
844,2,1102,24605,24610,24608,24605
845,0,6855,16682,16682,16684,21598
846,0,5270,20439,20439,21500,15577
847,0,7639,20971,20971,22650,20963
848,0,11326,19513,19513,23160,17403
849,0,6471,15880,15880,20711,19960
850,1,13370,18315,15669,18315,24141
851,0,6249,17775,17775,16013,15015
852,2,12434,19985,24108,15120,19985
853,0,4617,22793,22793,22792,18096
854,0,5549,26408,26408,17340,23132
855,0,11488,24933,24933,23251,25258
856,0,13617,24392,24392,24081,25977
857,5,8438,21897,17059,19982,16918
858,0,5397,26249,26249,26059,25117
859,3,11151,23327,26004,25136,23527
860,0,1946,27128,27128,27595,27520
861,0,7229,23424,23424,21414,23700
862,0,767,21435,21435,25865,26380
863,0,11465,18532,18532,16765,18534
864,11,12663,24803,25136,24928,25278
865,0,337,16147,16147,16153,17018
866,0,7780,21567,21567,17775,15015
867,0,8054,17085,17085,17620,20630
868,1,12606,16250,24108,16250,24169
869,0,3059,17441,17441,18342,18667
870,0,6039,26533,26533,26450,26572
871,0,9179,15872,15872,20526,19204
872,12,12423,27245,25598,25844,19733
873,0,1362,20663,20663,17730,20551
874,0,9750,18929,18929,20125,23815
875,0,4655,16913,16913,22138,22243
876,0,709,18442,18442,16518,16898
877,0,11022,27151,27151,27515,27192
878,0,8726,16381,16381,18394,18722
879,0,2056,24318,24318,23070,25173
880,0,8889,23367,23367,21261,21725
881,0,4546,21956,21956,24386,21537
882,0,8832,26181,26181,17387,25796
883,1,4442,20400,20855,20400,15895
884,0,14503,16715,16715,25936,16327
885,0,10025,23983,23983,19594,19319
886,0,11855,22515,22515,19349,20270
887,0,12932,19521,19521,15036,20765
888,0,8029,21428,21428,15571,20883
889,894,13959,14951,15131,18352,25828
890,5,12556,25136,25956,25441,23368
891,0,14260,24233,24233,22254,15476
892,0,1716,17126,17126,23300,23543
893,0,7643,16050,16050,17757,15920
894,0,7321,23819,23819,25339,21638
895,0,5958,25373,25373,18342,17440
896,0,5645,17166,17166,16306,19088
897,0,6434,17508,17508,23688,19168
898,0,1964,22928,22928,23915,23696
899,0,10559,17935,17935,19381,17929
900,0,5896,20526,20526,20510,19204
901,0,1684,18219,18219,18220,24042
902,1,2350,22083,24937,22083,18842
903,0,9230,21584,21584,23248,15791
904,0,2619,23158,23158,17966,21881
905,0,7907,20958,20958,16381,18394
906,0,9660,18426,18426,16519,19966
907,0,5093,17185,17185,21820,22307
908,0,257,18859,18859,18856,16518
909,0,11175,21219,21219,17441,22995
910,0,10838,19419,19419,19406,19191
911,0,3374,17557,17557,15133,27203
912,0,1742,20777,20777,20766,20765
913,32,10271,25779,18146,27510,19571
914,0,2762,26137,26137,27376,27559
915,0,13128,21727,21727,20151,25561
916,0,1587,15936,15936,16770,17324
917,0,7580,16840,16840,25462,23551
918,0,6684,27722,27722,24934,24716
919,0,4189,24869,24869,25968,27108
920,0,8109,27272,27272,26013,27527
921,0,7299,16864,16864,15839,18784
922,3,645,27728,15669,27756,27753
923,0,1781,26638,26638,21788,26622
924,0,3991,16993,16993,26193,21754
925,0,7581,17337,17337,18445,27479
926,0,5718,22008,22008,26387,25373
927,0,12312,24802,24802,24801,18281
928,3,2808,21581,17804,21582,16577
929,0,8393,20080,20080,16998,20606
930,27,162,21625,20883,25021,16528
931,0,9399,19794,19794,20835,15883
932,0,8279,21426,21426,22962,24699
933,0,8328,26041,26041,26046,26004
934,0,6865,19205,19205,17767,17659
935,0,13880,19962,19962,17189,17498
936,0,938,20562,20562,15555,21722
937,1,10944,20635,20178,20635,19071
938,0,5726,16261,16261,18856,22797
939,0,698,27485,27485,27520,26862
940,104,8045,15274,17293,18402,19212
941,0,6551,23903,23903,25412,24924
942,0,11310,27559,27559,27376,27599
943,0,7749,26752,26752,21832,27362
944,0,8026,22244,22244,18511,23976
945,0,7491,16894,16894,15106,16514
946,0,13519,18242,18242,21687,21405
947,0,701,18840,18840,18733,19686
948,0,3180,21594,21594,21963,22366
949,0,6623,23395,23395,26982,19796
950,0,3773,24502,24502,23722,15177
951,14,10520,19206,17323,16909,21671
952,0,334,15354,15354,15352,15372
953,0,13641,22320,22320,20256,19856
954,1,13202,23713,17715,23713,26838
955,0,14633,17135,17135,17133,20681
956,1,10296,26982,27628,26982,24609
957,0,6581,15526,15526,16788,25603
958,0,8499,15499,15499,19091,19228
959,0,2517,15681,15681,19061,26982
960,3,3402,27299,27296,27297,27303
961,153,14086,26796,27122,23620,25917
962,2,688,22297,22294,22330,22297
963,0,10954,16887,16887,16898,17725
964,0,10394,23738,23738,20454,23833
965,1,2964,23403,22497,23403,24418
966,0,4083,19612,19612,27570,26345
967,0,12854,19838,19838,21541,19649
968,0,2733,26863,26863,25379,27608
969,1,7706,23975,15591,23975,20368
970,1,8908,16153,17018,16153,17016
971,7,13972,19141,20231,19686,25561
972,0,13518,17415,17415,20226,20273
973,5,12473,16616,15237,14956,22765
974,4,6007,27512,23391,24119,18861
975,0,13936,18890,18890,21185,21186
976,0,7884,17834,17834,16873,18804
977,0,12414,18933,18933,19028,16303
978,3,8755,19772,18289,18290,21308
979,0,6248,19054,19054,22515,19649
980,0,9419,25391,25391,17708,17709
981,4,999,14973,14951,15130,17866
982,0,413,23133,23133,27422,27465
983,27,4859,24714,27424,24444,27539
984,0,4929,15633,15633,27576,27230
985,0,2085,15731,15731,24411,16749
986,2,3345,25799,24511,25186,25799
987,0,5794,26290,26290,27124,26137
988,0,11881,18894,18894,19141,18895
989,0,10407,18775,18775,21414,23189
990,45,11614,26660,25787,24928,26891
991,425,3912,22138,21566,24386,21570
992,0,3200,16814,16814,19433,15704
993,0,9069,24373,24373,23113,22558
994,0,13416,23159,23159,19797,22964
995,11,9814,20981,23788,24368,22474
996,0,1314,15237,15237,22765,14956
997,0,9694,23561,23561,21751,23562
998,0,502,22259,22259,19584,22227
999,0,8391,19548,19548,21783,21236
1000,0,10048,21832,21832,26752,21458
1001,0,13937,20679,20679,20678,20683
1002,0,4186,17730,17730,20551,20663
1003,0,14768,18685,18685,19966,21646
1004,0,5346,16683,16683,17283,15648
1005,0,2629,22313,22313,25638,27539
1006,3,8706,23899,18352,23562,18804
1007,0,7309,25796,25796,26183,26181
1008,0,9743,19618,19618,16042,15087
1009,88,7517,25432,15258,15259,27756
1010,0,6311,16335,16335,18625,15493
1011,0,10334,18261,18261,24654,22091
1012,0,13668,19946,19946,21290,16350
1013,0,14179,18536,18536,17073,24322
1014,0,9583,23688,23688,25854,19168
1015,0,8268,22891,22891,18724,19101
1016,0,10116,20481,20481,26008,23575
1017,0,2530,17535,17535,17853,21920
1018,0,2541,19900,19900,18570,15475
1019,0,1408,27547,27547,26542,26515
1020,0,5674,19161,19161,25716,21297
1021,0,12441,16964,16964,15386,14991
1022,0,2555,17385,17385,15216,17387
1023,0,3658,22976,22976,25594,19973
1024,1,13932,22285,22300,22285,17139
1025,0,10210,24423,24423,18861,23391
1026,0,7062,25837,25837,26647,23977
1027,0,981,15750,15750,17649,19063
1028,0,6102,22622,22622,24048,19307
1029,0,2287,22703,22703,23607,15218
1030,0,7054,24234,24234,20124,23254
1031,0,11399,15155,15155,20630,17379
1032,0,11674,25917,25917,16523,23620
1033,0,9913,26046,26046,26041,26004
1034,0,8839,18579,18579,16648,16934
1035,0,11367,25180,25180,25300,25522
1036,0,723,24716,24716,24363,24965
1037,2,10443,22916,17827,25218,22916
1038,0,11541,16725,16725,22725,17499
1039,0,64,22474,22474,23788,24609
1040,0,3897,16462,16462,16416,21294
1041,0,155,18556,18556,23095,25591
1042,0,10340,22091,22091,24654,17185
1043,0,1042,24585,24585,23904,24580
1044,0,3517,23514,23514,17630,17325
1045,0,11679,18208,18208,18524,23702
1046,0,3737,16528,16528,21049,17016
1047,0,4459,20394,20394,22177,20630
1048,0,4704,15493,15493,15591,16335
1049,163,7904,23891,20530,20532,19812
1050,0,5567,22604,22604,24386,21566
1051,0,10263,18784,18784,16864,18895
1052,7,14895,22656,19219,18515,18877
1053,0,9702,16531,16531,17530,15012
1054,0,9369,24470,24470,25270,26689
1055,0,14192,20015,20015,15956,15493
1056,0,14842,22969,22969,18616,21840
1057,18,13269,25561,16523,23649,20111
1058,0,4801,23096,23096,24575,23106
1059,0,6167,15992,15992,16003,17499
1060,0,11220,27380,27380,26833,25218
1061,0,6589,15149,15149,23380,24477
1062,7,12370,25525,25237,26004,24717
1063,0,5779,17996,17996,17995,18186
1064,18,10622,15625,15164,18874,16048
1065,0,971,16242,16242,15553,26982
1066,0,1352,26071,26071,26942,25776
1067,0,5682,15179,15179,16962,15920
1068,0,516,25167,25167,23833,20454
1069,0,12462,25140,25140,26459,21636
1070,0,7539,19874,19874,25902,19171
1071,0,1976,18380,18380,21290,18381
1072,0,5965,24102,24102,26982,18202
1073,0,13815,16349,16349,19946,20444
1074,0,602,24326,24326,27090,26742
1075,0,10481,16374,16374,15012,17379
1076,0,6998,16205,16205,15878,15895
1077,5,14777,19588,27737,17213,22602
1078,0,7139,27178,27178,27442,18618
1079,0,12144,25959,25959,25627,26517
1080,0,13541,24418,24418,22497,22205
1081,1,4835,25535,25541,25535,24069
1082,0,13777,17633,17633,24730,27161
1083,0,8483,22056,22056,19108,19262
1084,0,4973,19204,19204,20526,15872
1085,0,7931,19750,19750,20352,18724
1086,0,12501,20280,20280,15274,18357
1087,0,1012,27108,27108,24869,26454
1088,0,12781,26838,26838,23713,17715
1089,0,7483,24775,24775,23382,24768
1090,0,10405,23793,23793,18186,20162
1091,1,8454,18882,17417,18882,15771
1092,0,4307,20266,20266,20345,20226
1093,1,12123,27066,24945,27066,17250
1094,0,7691,16444,16444,16441,21219
1095,0,7938,18662,18662,17819,23702
1096,0,7069,22571,22571,26380,16072
1097,0,4053,18228,18228,18227,18229
1098,0,1643,20961,20961,23380,23537
1099,3,2059,20465,17641,19290,16316
1100,1,11028,24049,25753,24049,20562
1101,0,10335,21259,21259,21277,17139
1102,0,10190,27090,27090,26742,24326
1103,55,7124,26345,27560,27559,25376
1104,21,2776,24983,27595,26511,27128
1105,20,4866,25191,23495,25278,25758
1106,0,4839,19733,19733,18670,25893
1107,0,4007,26064,26064,26063,17819
1108,0,11156,24717,24717,25237,25115
1109,0,6943,17958,17958,24316,17840
1110,0,4832,23673,23673,16491,23443
1111,0,409,19088,19088,17166,16306
1112,0,6834,18360,18360,16844,27164
1113,6,1995,19481,20681,18933,19191
1114,0,9889,15056,15056,23132,16857
1115,0,12992,24913,24913,15448,24073
1116,0,12383,19307,19307,22235,16523
1117,0,12361,20151,20151,21727,23058
1118,0,97,22153,22153,22152,24575
1119,0,5405,15699,15699,17612,18170
1120,0,9781,19718,19718,19769,20111
1121,0,12236,19328,19328,16770,15476
1122,0,8253,26013,26013,22473,24511
1123,0,12612,16356,16356,16520,20750
1124,0,6750,21564,21564,24125,19656
1125,0,2909,21199,21199,20848,15144
1126,0,13297,17530,17530,23620,23563
1127,0,674,16441,16441,16444,24506
1128,0,14511,22680,22680,17385,25498
1129,222,6080,25716,27756,27753,26865
1130,0,7182,24411,24411,15795,19423
1131,0,6459,15749,15749,20643,20632
1132,0,2907,15104,15104,26741,16277
1133,10,5315,23763,19527,25167,23724
1134,0,10853,15462,15462,19856,21896
1135,0,10548,19960,19960,20711,15880
1136,0,4536,23350,23350,18413,22798
1137,0,12204,17011,17011,17008,22243
1138,103,220,25507,17557,27203,24757
1139,0,6046,26165,26165,26433,21589
1140,0,2217,16918,16918,23675,19982
1141,8,2426,18499,27430,22059,18576
1142,0,12124,18110,18110,26243,16070
1143,0,12048,25412,25412,24924,25394
1144,0,11840,19150,19150,21842,24107
1145,0,11210,27225,27225,27256,27252
1146,0,5370,23207,23207,22189,21790
1147,0,2405,18167,18167,17333,16913
1148,0,8857,25655,25655,26325,21340
1149,0,12557,24630,24630,27132,25222
1150,0,12250,26647,26647,25430,25837
1151,0,9003,17971,17971,17973,23580
1152,4,12588,26669,25679,25343,25178
1153,0,7888,19469,19469,18996,20723
1154,0,7026,17473,17473,15474,19900
1155,0,298,19769,19769,19718,15795
1156,3,836,26804,23983,19319,19594
1157,0,6964,25186,25186,22900,24574
1158,0,3323,21668,21668,23031,18627
1159,0,883,18207,18207,20747,16061
1160,0,7809,22075,22075,17807,21790
1161,0,5959,27448,27448,25222,25803
1162,0,8587,27131,27131,27409,26548
1163,0,2054,20464,20464,20465,19290
1164,0,11720,27211,27211,18352,17213
1165,0,5974,26236,26236,25378,25196
1166,0,5447,25629,25629,26786,27230
1167,0,13771,15451,15451,18689,15057
1168,0,7161,24135,24135,26521,22339
1169,0,8308,25865,25865,24560,20130
1170,0,13376,18266,18266,16109,17599
1171,0,14623,15110,15110,15111,18010
1172,173,13236,19219,20593,23572,14951
1173,0,8017,21974,21974,24470,26834
1174,0,8826,23537,23537,24477,23380
1175,0,89,15366,15366,15120,16916
1176,0,3216,15971,15971,18471,19796
1177,0,3856,25242,25242,25517,27504
1178,0,7786,26965,26965,27422,27786
1179,0,9540,15553,15553,16242,24819
1180,0,13536,20552,20552,24169,21999
1181,0,1807,27523,27523,26075,26076
1182,0,11535,22995,22995,24506,26732
1183,0,7915,22152,22152,22153,26192
1184,6,2834,26624,25920,24505,25361
1185,0,13557,17853,17853,17535,16657
1186,0,11821,24026,24026,18980,18966
1187,0,10812,19918,19918,18964,18846
1188,0,3346,22014,22014,20366,16282
1189,0,472,15159,15159,16857,17328
1190,0,4127,21948,21948,25589,23494
1191,0,12273,23254,23254,24234,20124
1192,2,2640,14956,18881,22765,14956
1193,0,8114,22539,22539,22538,22723
1194,0,5337,22962,22962,21426,25844
1195,0,9686,19701,19701,24434,25689
1196,0,7804,16439,16439,16438,15825
1197,0,13132,19493,19493,15098,20444
1198,0,3514,23445,23445,22307,21566
1199,0,4274,22378,22378,24816,25265
1200,0,640,23626,23626,23382,24768
1201,14,10118,17464,23899,15443,15125
1202,0,8686,22450,22450,27229,17856
1203,0,14678,18273,18273,18212,21805
1204,0,3393,24249,24249,23946,23945
1205,0,4329,25038,25038,23387,17742
1206,6,855,27422,24741,22636,27647
1207,0,5475,24965,24965,26631,24363
1208,0,1764,19861,19861,22758,19831
1209,0,433,17194,17194,21978,17286
1210,0,1496,25035,25035,25227,23646
1211,52,9855,24590,17349,24919,20003
1212,0,8947,21307,21307,16594,19207
1213,0,11165,16323,16323,16683,17858
1214,0,6062,22023,22023,17464,22024
1215,0,12093,18290,18290,19207,18286
1216,0,4106,19603,19603,20095,24992
1217,0,2419,16785,16785,22882,18220
1218,0,13274,27201,27201,24633,25300
1219,0,753,16668,16668,16918,20314
1220,0,5440,23977,23977,23368,26647
1221,0,13296,18629,18629,16633,15164
1222,0,3917,27192,27192,27151,27362
1223,0,1058,26061,26061,21781,23313
1224,0,13747,25218,25218,27380,23562
1225,0,6186,16622,16622,24429,23657
1226,0,12858,26992,26992,24917,19046
1227,18,14441,23615,24472,22602,22652
1228,0,13592,18820,18820,16960,15560
1229,0,3272,22418,22418,24983,26380
1230,1,4569,23966,18297,23966,24736
1231,0,13281,17379,17379,15155,16374
1232,10,8269,20003,17375,17374,19994
1233,0,13843,25170,25170,18152,19011
1234,0,7438,26726,26726,27046,25776
1235,1,12311,25760,17563,25760,25750
1236,507,174,25339,26064,17819,22581
1237,126,11837,24801,26891,24928,25787
1238,0,1978,25195,25195,21648,18842
1239,0,6123,16488,16488,22133,22725
1240,0,4508,19147,19147,22581,23381
1241,0,2842,27327,27327,27599,27270
1242,0,5907,18254,18254,15453,17578
1243,0,2898,27465,27465,27422,23752
1244,0,4829,18570,18570,19900,17190
1245,11,4004,25755,18572,24693,16421
1246,0,5105,16238,16238,16261,16358
1247,0,1761,24574,24574,24575,25186
1248,0,4667,18998,18998,18689,15057
1249,0,13776,21412,21412,25892,24554
1250,0,8916,22637,22637,20941,23766
1251,0,1321,24721,24721,24552,27759
1252,0,12389,14962,14962,17328,15164
1253,0,6054,24699,24699,21426,27230
1254,0,9506,16013,16013,16022,17775
1255,0,8714,27014,27014,26573,25898
1256,0,5587,22800,22800,19100,19204
1257,0,2150,27190,27190,26511,27537
1258,0,13636,15907,15907,15741,15908
1259,0,7961,20181,20181,20182,20189
1260,0,12261,17724,17724,26361,18241
1261,0,4722,27598,27598,23229,24562
1262,0,2445,16606,16606,17922,17929
1263,0,12457,23239,23239,18727,20044
1264,0,8792,20273,20273,20345,24042
1265,4,565,23413,15996,19433,15354
1266,0,8376,21490,21490,21451,21832
1267,0,5968,18115,18115,18748,20076
1268,0,14634,15092,15092,17715,27290
1269,112,1598,16265,19290,15996,17641
1270,0,12907,15928,15928,19779,23987
1271,8,5401,26143,14966,19686,21762
1272,17,4847,23127,18220,24580,22882
1273,13,223,15131,14951,15130,23572
1274,0,668,23393,23393,16089,17018
1275,0,8349,21780,21780,18953,21737
1276,0,8905,19173,19173,16515,17567
1277,0,9017,17283,17283,16017,16683
1278,0,7207,20702,20702,20701,19063
1279,0,13415,23499,23499,23305,25819
1280,0,11008,18041,18041,22582,23031
1281,0,7192,17047,17047,15693,25349
1282,0,11514,27025,27025,26407,23620
1283,133,14764,25668,22652,23975,21988
1284,0,12598,23381,23381,19147,27708
1285,0,4632,17303,17303,19523,17306
1286,0,3824,16325,16325,15994,25979
1287,0,8695,18281,18281,24802,15048
1288,0,2602,20724,20724,20085,20088
1289,1440,11334,20470,17335,16316,17641
1290,0,6866,17659,17659,23092,19205
1291,0,5469,27121,27121,25381,21621
1292,0,12103,22273,22273,18647,22271
1293,0,5061,15364,15364,18283,24221
1294,0,7506,24456,24456,17563,18511
1295,0,2693,17398,17398,16165,19016
1296,1,9010,25977,24415,25977,23089
1297,0,4949,16227,16227,16533,15100
1298,586,9044,27430,27296,27297,27303
1299,0,2579,18449,18449,23245,26791
1300,1,7114,18247,16172,18247,17860
1301,0,7858,21717,21717,25208,23103
1302,0,7225,19969,19969,21184,21186
1303,0,14559,24977,24977,17060,17554
1304,0,12433,22024,22024,15518,21290
1305,0,7941,17976,17976,23380,25353
1306,0,2575,22902,22902,22900,27201
1307,1,1605,18304,21897,18304,18926
1308,12,3447,17541,14966,23350,18840
1309,1084,2297,27479,27457,27045,17422
1310,0,14052,26915,26915,27127,25076
1311,1,9370,24081,23299,24081,24468
1312,0,7130,19466,19466,17595,15764
1313,6,13300,19981,21794,15905,25000
1314,0,11665,26791,26791,23245,18449
1315,0,8476,16799,16799,19191,21296
1316,0,6002,18309,18309,18308,24375
1317,0,3275,25235,25235,26063,17848
1318,0,1642,27270,27270,25797,27327
1319,0,6930,17323,17323,16909,21671
1320,1,4570,22778,22779,22778,23370
1321,17,9739,27744,15669,27756,27728
1322,255,4734,27510,26144,18895,27271
1323,0,4182,22048,22048,15487,16172
1324,0,12989,20125,20125,18352,17213
1325,0,12027,15074,15074,21748,27475
1326,0,3416,19168,19168,23688,17508
1327,0,1822,16504,16504,16145,19900
1328,0,4825,18724,18724,18967,18700
1329,0,5923,22492,22492,22489,21500
1330,0,11020,15617,15617,22953,17499
1331,74,138,15443,14999,15144,14991
1332,0,6197,18342,18342,17441,25373
1333,4,1802,17484,14951,23572,23899
1334,0,2346,24266,24266,27488,25270
1335,0,13199,18153,18153,24864,18149
1336,0,13649,20632,20632,20643,15749
1337,2,8630,24141,15669,15456,24141
1338,0,3686,24608,24608,24610,16234
1339,0,11430,25178,25178,25343,25679
1340,0,2590,17059,17059,27041,21148
1341,0,10742,27102,27102,15758,19275
1342,0,4480,24917,24917,26992,20941
1343,0,8412,26573,26573,27014,27202
1344,11,10907,17375,23119,21592,15456
1345,0,5053,24511,24511,23696,26013
1346,0,9912,21893,21893,22257,22497
1347,1,12829,25173,21671,25173,25683
1348,55,12506,23890,19071,16616,21290
1349,0,5668,25594,25594,22976,25303
1350,0,11636,25427,25427,25428,27010
1351,0,7460,21634,21634,25794,26008
1352,8,6900,20968,22235,22515,19349
1353,0,6259,16998,16998,20080,20606
1354,0,7996,16515,16515,16511,18408
1355,0,9118,18576,18576,27430,23092
1356,0,1896,18931,18931,15057,15185
1357,0,3858,27341,27341,27468,24185
1358,0,13137,26857,26857,23727,21499
1359,0,14741,15788,15788,17484,18804
1360,0,2306,21958,21958,23904,18220
1361,0,7238,19652,19652,24169,26387
1362,185,9011,23969,18792,23968,22165
1363,1503,14544,18170,15577,22769,17213
1364,2,13033,22497,24418,22205,22497
1365,0,2997,24342,24342,25169,23214
1366,0,11830,17706,17706,23881,16754
1367,1,14297,27264,27172,27264,27173
1368,0,2420,21095,21095,21470,24326
1369,0,9684,26063,26063,25235,26064
1370,2,13159,24468,23299,18511,24468
1371,0,7461,18594,18594,15657,18595
1372,0,5292,18679,18679,17995,20162
1373,1,11734,20088,20085,20088,20724
1374,7,10109,27243,25598,26523,27233
1375,0,13406,18515,18515,19219,18513
1376,0,6556,26775,26775,20316,24841
1377,0,6913,21295,21295,17640,25507
1378,0,1295,22823,22823,24434,16893
1379,1,3730,22312,22309,22312,16282
1380,0,8015,15996,15996,19290,19433
1381,0,2452,24555,24555,27547,26226
1382,0,1824,22592,22592,23230,24699
1383,0,14171,18624,18624,21646,16182
1384,0,5145,21458,21458,21744,26345
1385,4,11110,16754,23881,17706,17844
1386,3,6747,15456,19989,19994,26267
1387,0,6847,21467,21467,21470,25848
1388,0,65,27197,27197,27271,26144
1389,0,4430,25299,25299,25353,23380
1390,0,5659,15407,15407,14968,14976
1391,10,8952,25758,24205,26000,26004
1392,0,5538,26897,26897,25854,20934
1393,0,1087,20044,20044,18727,22235
1394,0,7616,27477,27477,26813,22960
1395,0,6854,20256,20256,19779,22320
1396,0,5819,25046,25046,25683,23903
1397,0,252,27126,27126,25968,25894
1398,0,9184,18953,18953,21737,21780
1399,0,9164,21129,21129,20130,21030
1400,1,10102,20484,19785,20484,16350
1401,0,1243,27004,27004,25458,15453
1402,0,132,20409,20409,16383,18499
1403,1,7274,20999,25300,20999,25522
1404,7,5385,27475,14973,15130,16065
1405,0,4545,15747,15747,15087,22648
1406,0,1897,24787,24787,21228,19831
1407,0,11413,21873,21873,21876,18941
1408,171,14310,20223,19191,20425,17227
1409,0,6933,16072,16072,21124,21017
1410,0,10915,23646,23646,27132,19108
1411,0,4594,22997,22997,15871,20521
1412,4,1867,24552,27759,25808,26004
1413,0,13602,19098,19098,19097,19799
1414,0,864,17792,17792,25504,15114
1415,0,7427,20231,20231,19873,19663
1416,0,9433,21751,21751,23561,25208
1417,0,6106,26075,26075,26076,27523
1418,0,3173,27010,27010,19474,23091
1419,0,7816,18283,18283,18220,23554
1420,0,4455,27710,27710,25844,15864
1421,0,9572,23095,23095,22159,21813
1422,0,1756,21241,21241,17060,20630
1423,0,12022,17762,17762,23573,16864
1424,1,7670,17082,23744,17082,17627
1425,0,4679,25304,25304,27033,19554
1426,0,1201,25050,25050,24312,24823
1427,0,14292,19516,19516,20643,20632
1428,0,1508,15130,15130,15185,14973
1429,184,14776,27122,26407,23620,17620
1430,0,6794,25501,25501,22421,19948
1431,0,908,19812,19812,20532,22995
1432,1,9577,25303,20910,25303,23188
1433,44,617,17248,15540,25000,25809
1434,2,14701,25089,23457,26660,25089
1435,0,13698,24389,24389,20910,23976
1436,0,8734,23204,23204,24011,23976
1437,44,12928,23734,25021,23081,16282
1438,0,1527,21636,21636,25525,24914
1439,0,9400,16893,16893,24504,16913
1440,1,12545,20910,22244,20910,21911
1441,0,11498,22473,22473,26899,26013
1442,13,8445,27657,27457,18792,27670
1443,0,2261,18587,18587,16993,24937
1444,0,14139,21840,21840,25089,23502
1445,0,7974,21903,21903,17742,23367
1446,0,2024,17807,17807,25021,20883
1447,0,635,15171,15171,14955,20630
1448,0,6608,17949,17949,22406,25265
1449,0,5513,23356,23356,17010,18846
1450,0,6392,18793,18793,25381,15606
1451,122,14122,22652,22023,22024,17464
1452,0,6895,20575,20575,16725,22725
1453,0,11057,25627,25627,26019,23651
1454,0,11050,19994,19994,17375,19989
1455,0,270,24901,24901,27488,24161
1456,0,4922,22876,22876,23399,24161
1457,16,7245,22389,25300,25522,26669
1458,0,4245,17801,17801,15372,15704
1459,15,8877,25115,26891,24928,25787
1460,0,10096,26395,26395,26871,18825
1461,2,8250,18511,24476,23079,18511
1462,80,1388,15577,22719,23123,15531
1463,0,8859,16109,16109,17263,18266
1464,0,9348,26544,26544,25799,26897
1465,0,6817,19171,19171,22505,25270
1466,0,9031,22661,22661,22552,25683
1467,0,9078,23475,23475,19182,26615
1468,0,6879,22390,22390,21797,27600
1469,0,4936,22366,22366,22619,21594
1470,0,9222,21797,21797,18443,27132
1471,0,2995,21176,21176,20389,21144
1472,0,5343,15410,15410,16313,16533
1473,0,12646,18939,18939,18946,24447
1474,0,12345,26874,26874,23187,20968
1475,2,656,27756,27728,24693,27756
1476,0,11390,22970,22970,19108,21094
1477,0,10419,23472,23472,21374,20953
1478,0,9051,23300,23300,17126,22976
1479,0,4497,20605,20605,18936,18448
1480,1,4437,19303,23396,19303,24841
1481,0,12310,22224,22224,23923,23526
1482,273,6138,24308,27753,27728,17653
1483,555,2836,21843,21470,25848,21095
1484,0,6767,21399,21399,15161,25122
1485,0,8690,24575,24575,24574,23096
1486,0,2561,16303,16303,18933,15560
1487,0,9705,25564,25564,27318,24271
1488,0,9658,26121,26121,25743,27465
1489,0,4665,27046,27046,26726,25776
1490,0,6540,19845,19845,20189,24117
1491,0,8094,22797,22797,16261,16145
1492,2,3521,15185,14951,23572,15185
1493,0,5692,20731,20731,24861,26400
1494,0,12054,16313,16313,17564,16777
1495,0,10665,24924,24924,25076,25174
1496,0,10679,27323,27323,27322,21049
1497,0,10945,17655,17655,23544,21500
1498,0,1545,21793,21793,16800,23722
1499,0,2566,26922,26922,22654,16671
1500,0,885,19361,19361,21358,15453
1501,0,2235,27608,27608,25847,27644
1502,0,6411,24736,24736,25760,17563
1503,0,13501,17709,17709,25391,17708
1504,0,12344,23079,23079,17818,18511
1505,0,2439,19796,19796,16843,15971
1506,0,2545,26834,26834,21974,25920
1507,6,11675,17463,16416,15443,21294
1508,0,2180,23494,23494,19303,23652
1509,1,2222,22388,22389,22388,20324
1510,83,4151,27399,27498,26232,27538
1511,1,10153,18011,17172,18011,16165
1512,0,3142,24731,24731,24744,25361
1513,0,1492,17227,17227,15122,15540
1514,0,9431,24034,24034,21074,25442
1515,10,3979,24519,21949,19259,25300
1516,0,14372,16022,16022,16013,17775
1517,0,920,15518,15518,21290,22024
1518,64,8140,17711,17653,18352,17666
1519,0,10286,23103,23103,23106,27132
1520,0,3019,21830,21830,26152,23085
1521,1,1040,23946,23937,23946,24249
1522,1,2114,17595,15764,17595,15741
1523,0,7692,18566,18566,16843,18565
1524,0,903,20419,20419,20418,24069
1525,0,595,21006,21006,21843,20532
1526,11,6628,27194,26239,27510,26587
1527,0,7076,27738,27738,27744,16639
1528,0,10448,18670,18670,19733,20256
1529,3,3127,26548,23396,27376,19303
1530,0,5381,23113,23113,19982,16918
1531,0,5388,23352,23352,21589,24048
1532,0,269,17405,17405,26262,26051
1533,0,2167,24505,24505,26624,27547
1534,0,9008,17334,17334,17444,18128
1535,2,4740,19207,21308,18290,19207
1536,0,9439,17320,17320,21732,23437
1537,1,12026,23620,25310,23620,26068
1538,0,3694,21148,21148,19982,27041
1539,0,184,20311,20311,15960,16998
1540,0,1101,24609,24609,24610,24608
1541,0,7864,16432,16432,26804,16065
1542,0,12101,17349,17349,24919,24434
1543,1,11025,16264,19173,16264,17567
1544,0,11483,26183,26183,25796,26807
1545,0,14787,21505,21505,20415,27704
1546,9,1597,17643,17801,15704,15996
1547,18,9773,25578,16087,16088,17016
1548,0,2271,17640,17640,26857,21295
1549,0,7111,19665,19665,25285,26143
1550,0,4554,24788,24788,17057,17440
1551,0,3705,18343,18343,19250,17057
1552,0,8641,19682,19682,22294,20425
1553,2,3425,18289,21307,16594,18289
1554,0,9416,19584,19584,19585,22259
1555,26,4530,18014,17949,20003,26451
1556,1,13446,20630,19481,20630,16303
1557,0,11299,24301,24301,27192,27682
1558,0,5845,20126,20126,24853,18891
1559,0,2342,25349,25349,18709,15693
1560,78,6136,27445,27595,26511,26557
1561,2,6833,18229,18227,18228,18229
1562,0,309,22720,22720,27399,25050
1563,0,4206,22878,22878,19303,23396
1564,0,8592,27520,27520,27128,27485
1565,0,13687,17612,17612,17606,20348
1566,0,4634,18404,18404,18403,20425
1567,0,6029,19967,19967,27290,19799
1568,0,10265,23979,23979,24375,18309
1569,0,7847,17742,17742,21911,21903
1570,0,14821,18643,18643,17084,23884
1571,0,13600,16760,16760,18015,25722
1572,0,7578,24048,24048,20130,22622
1573,0,6192,22517,22517,19272,18700
1574,0,5690,26192,26192,22991,19169
1575,0,4736,15591,15591,15493,20015
1576,12,14922,27708,22653,23820,15069
1577,0,5325,24856,24856,25915,24857
1578,0,6957,16733,16733,16448,15258
1579,0,13928,23700,23700,26191,22979
1580,0,11943,19275,19275,27102,25999
1581,1,12908,24914,25525,24914,21636
1582,0,4592,21638,21638,25111,25339
1583,0,6292,17973,17973,17971,18304
1584,0,4771,18202,18202,23920,22734
1585,0,13336,24237,24237,24286,24420
1586,0,2343,21606,21606,18964,23356
1587,0,3074,26380,26380,25865,22571
1588,0,11950,23231,23231,25367,21884
1589,0,6404,24324,24324,16153,17018
1590,0,2687,19592,19592,16130,20450
1591,0,5561,18656,18656,16425,22936
1592,0,5728,22478,22478,24312,25050
1593,0,9691,26631,26631,24965,24301
1594,0,13750,18060,18060,23107,27113
1595,0,11927,22848,22848,24630,27132
1596,0,6360,20807,20807,20861,20869
1597,0,12349,24011,24011,23204,23188
1598,0,13516,17295,17295,17159,19053
1599,48,7608,25808,25787,26891,24928
1600,2,14381,23457,22653,25089,23457
1601,0,5005,20883,20883,21428,18964
1602,0,12743,26589,26589,18881,17161
1603,0,11977,20022,20022,18592,16614
1604,0,11258,24633,24633,27201,25173
1605,0,6721,21978,21978,15571,15565
1606,4,5254,22769,18276,18278,18277
1607,2,6327,25222,17361,26230,25222
1608,0,10161,24744,24744,24731,25361
1609,0,8763,26786,26786,25629,25726
1610,0,927,20772,20772,20777,18454
1611,0,5676,18146,18146,18143,22891
1612,0,6198,20057,20057,20132,25893
1613,0,1326,21949,21949,22389,17440
1614,0,7745,25012,25012,26548,24316
1615,0,8944,27124,27124,26290,26137
1616,0,14318,19033,19033,19386,20307
1617,0,9393,17768,17768,19753,16820
1618,0,9097,18448,18448,22999,20605
1619,0,7654,24580,24580,24585,26754
1620,0,4032,25210,25210,25208,24447
1621,0,293,23481,23481,26750,16172
1622,0,986,15386,15386,14991,16964
1623,0,1639,22406,22406,25265,17949
1624,0,6931,16909,16909,17323,21671
1625,1,10425,17172,18011,17172,25027
1626,0,7055,26289,26289,24989,25769
1627,5,10856,24477,23537,20961,25726
1628,0,12166,18063,18063,17147,23987
1629,0,7650,16506,16506,22458,19091
1630,0,2368,19250,19250,18343,20784
1631,1,10114,16648,16934,16648,18579
1632,0,2843,15423,15423,17952,23040
1633,0,12947,23301,23301,25522,25300
1634,9,2483,26590,24816,25265,20003
1635,0,8698,15003,15003,20500,20630
1636,1,2770,23169,15902,23169,21988
1637,0,13850,21275,21275,21257,22024
1638,0,7188,24768,24768,24775,23382
1639,0,6373,16540,16540,17719,25501
1640,0,5386,16065,16065,14973,16794
1641,0,5295,15177,15177,21897,17627
1642,0,13542,21108,21108,16952,21399
1643,2,14704,24786,22656,18513,24786
1644,0,8169,19164,19164,15942,20162
1645,0,10903,20848,20848,20323,20859
1646,0,13980,26891,26891,24928,25278
1647,124,3199,21598,17801,15704,17335
1648,47,14684,23614,20015,18170,22936
1649,0,7063,23399,23399,26544,27422
1650,0,12815,18626,18626,21499,23727
1651,0,13971,23387,23387,20759,22680
1652,0,12117,23336,23336,23702,17905
1653,1,2863,19785,20484,19785,16350
1654,0,12644,17954,17954,17110,17957
1655,4,9895,27045,27457,27657,27670
1656,29,10873,18337,17630,25863,21765
1657,0,13311,23526,23526,21495,23899
1658,0,6527,24095,24095,24822,25614
1659,1,8014,20855,20400,20855,23744
1660,14,834,27504,27595,27577,26585
1661,0,9157,27527,27527,27272,26511
1662,0,10715,24354,24354,24352,26976
1663,0,8150,20747,20747,27015,20755
1664,0,96,15241,15241,17952,15423
1665,93,10545,25803,22684,22682,18033
1666,1,120,27271,27197,27271,23970
1667,0,2142,20669,20669,18781,20048
1668,0,8125,14976,14976,14968,15407
1669,0,1400,25196,25196,25687,23916
1670,0,8985,18508,18508,15674,22040
1671,24,281,23248,23443,20564,27132
1672,0,8954,25820,25820,25749,26897
1673,0,5617,16042,16042,19618,25222
1674,461,14830,19071,15625,19731,26144
1675,0,6873,22235,22235,24448,19307
1676,0,8504,15141,15141,16039,17541
1677,0,9981,25015,25015,18146,18394
1678,0,2214,17413,17413,25300,26171
1679,0,13130,16635,16635,17227,23969
1680,0,1223,25134,25134,27527,25687
1681,0,5905,26913,26913,26909,23070
1682,0,3640,21788,21788,26638,26622
1683,0,13859,17925,17925,17937,17922
1684,0,5781,18454,18454,24126,20772
1685,0,13781,15042,15042,26739,17226
1686,0,45,19658,19658,17440,19259
1687,0,7370,25956,25956,16398,24721
1688,33,7101,18212,15133,19001,15731
1689,0,7468,26813,26813,27477,23229
1690,0,1323,16962,16962,15179,24590
1691,72,10503,24864,25115,25423,24928
1692,0,8385,21813,21813,17185,21820
1693,0,2786,24896,24896,25344,23494
1694,1,13082,22573,22659,22573,24658
1695,0,4201,15956,15956,21920,15493
1696,0,12155,24857,24857,24856,18247
1697,0,4358,15920,15920,16050,17757
1698,1,1237,18043,16518,18043,16898
1699,2,1670,19042,18402,17398,19042
1700,0,10435,22758,22758,25749,19861
1701,0,8133,21167,21167,21144,19322
1702,43,3033,20162,22713,24255,27388
1703,17,9513,26267,21897,25578,26330
1704,0,11481,16777,16777,16313,17564
1705,0,8648,24108,24108,16250,19848
1706,0,11046,23551,23551,25462,23542
1707,0,9173,15544,15544,15120,18283
1708,945,14849,18402,21893,22497,17578
1709,0,2987,23581,23581,15612,23744
1710,36,9670,16292,17398,26051,19588
1711,0,2611,21570,21570,22597,21566
1712,7,6715,26757,25959,24924,26915
1713,0,5966,22856,22856,21783,19259
1714,0,6949,18019,18019,26590,14991
1715,0,9446,25166,25166,25929,21634
1716,0,921,20941,20941,15215,24917
1717,0,421,27537,27537,24562,27527
1718,0,2775,22160,22160,26220,25496
1719,9,6277,26664,26586,25925,26239
1720,0,488,23331,23331,23650,22854
1721,0,10706,24174,24174,17819,27761
1722,0,4970,22489,22489,21111,22492
1723,0,8702,26725,26725,25299,25186
1724,0,966,19831,19831,24787,25902
1725,0,3663,14991,14991,14999,15386
1726,0,742,25638,25638,22313,27539
1727,0,8922,16727,16727,23890,16325
1728,0,13854,21977,21977,17844,26163
1729,0,6041,17021,17021,18667,20941
1730,0,7831,23618,23618,23380,23282
1731,1,1422,25441,25143,25441,25278
1732,0,7178,26539,26539,26454,26325
1733,0,4851,23031,23031,21775,22582
1734,0,2374,24932,24932,21671,22278
1735,2,6534,18277,18276,18278,18277
1736,3,10470,23582,15237,14956,22765
1737,0,13527,26942,26942,19442,19731
1738,0,3434,17440,17440,21949,24788
1739,0,2469,15560,15560,16303,17213
1740,0,8615,15895,15895,20843,20400
1741,1,8291,23370,25742,23370,22778
1742,0,12720,23251,23251,24933,21537
1743,0,10864,24554,24554,25892,21412
1744,0,1371,24232,24232,22705,19349
1745,0,10883,24168,24168,26517,19036
1746,0,2001,21225,21225,24621,22928
1747,0,6087,18079,18079,18961,21128
1748,0,11607,22587,22587,23260,20852
1749,0,7003,25117,25117,26059,26172
1750,0,9754,26400,26400,18825,21989
1751,16,7508,27132,23393,16089,23395
1752,0,11468,16074,16074,23976,16070
1753,3,11553,23318,18323,24073,18321
1754,0,3117,24923,24923,23189,24303
1755,0,3778,22798,22798,16898,18437
1756,0,4525,18738,18738,19663,18734
1757,0,9557,26163,26163,25174,21977
1758,0,6398,19881,19881,17057,23587
1759,0,11716,23089,23089,24415,27145
1760,0,2720,26451,26451,22406,17629
1761,0,4857,17760,17760,18953,23132
1762,0,12245,18331,18331,17531,27203
1763,0,9376,21998,21998,21999,20552
1764,4,2299,21765,21762,23350,27232
1765,0,4890,18221,18221,18222,17659
1766,0,8856,26068,26068,25310,23620
1767,0,7098,22700,22700,19585,22891
1768,0,5661,21722,21722,20562,20423
1769,0,13192,17765,17765,15304,23692
1770,0,10414,27481,27481,27737,27271
1771,1,14727,19196,23107,19196,23573
1772,0,7857,23847,23847,24555,27595
1773,1,9420,17149,15130,17149,14973
1774,0,6400,24375,24375,23979,23966
1775,667,9082,16940,26430,18352,21184
1776,0,11289,18437,18437,15244,16518
1777,0,197,20366,20366,26865,22014
1778,0,14385,23852,23852,25750,23744
1779,0,5689,25743,25743,23070,21876
1780,0,8868,15827,15827,16435,15825
1781,0,11967,27261,27261,27071,26357
1782,0,8306,27230,27230,27045,18792
1783,3,11584,19121,20425,19191,22508
1784,2,1826,18227,18229,18228,18227
1785,0,3885,26577,26577,26017,26060
1786,0,4635,26152,26152,21830,23085
1787,0,5107,27633,27633,22435,26749
1788,1,9196,25712,18241,25712,23223
1789,0,1726,19322,19322,23433,20450
1790,0,13351,18513,18513,22656,18515
1791,5,4145,17422,18694,17413,25195
1792,0,13612,18357,18357,15274,24472
1793,0,6849,21244,21244,20223,20893
1794,0,2694,24042,24042,18219,20273
1795,0,14237,20947,20947,15155,18653
1796,13,14950,25213,25819,23499,23558
1797,0,9463,26807,26807,26183,25796
1798,0,9587,19342,19342,19341,18902
1799,24,6315,25381,27608,27644,25847
1800,2,11980,23305,27698,25819,23305
1801,0,5762,20607,20607,20606,23081
1802,0,4003,16163,16163,15540,15537
1803,0,11000,22173,22173,25709,23923
1804,0,7340,25101,25101,21458,25670
1805,0,4681,24130,24130,22405,21340
1806,0,104,24816,24816,26451,27708
1807,0,8185,18694,18694,20883,25021
1808,0,8736,21137,21137,24811,22950
1809,0,11865,16657,16657,17815,17599
1810,0,11445,15842,15842,27203,26171
1811,0,2741,23554,23554,18283,21795
1812,0,14172,17139,17139,22300,22285
1813,0,14567,20543,20543,23457,25089
1814,0,2698,26884,26884,25270,24470
1815,0,11644,15432,15432,25809,24801
1816,0,10249,18961,18961,18962,18079
1817,0,10183,16582,16582,21775,24937
1818,0,9554,23649,23649,20941,21219
1819,307,5717,15069,16182,15899,23806
1820,0,5512,23191,23191,21671,23970
1821,0,321,21475,21475,22535,17476
1822,198,14286,27752,21218,17293,17213
1823,0,4214,21228,21228,24787,19831
1824,0,10466,21296,21296,16799,25755
1825,0,10727,22082,22082,20286,21211
1826,0,9736,23132,23132,24630,22250
1827,0,10418,27296,27296,27297,27299
1828,0,2376,23675,23675,23205,23189
1829,0,1996,18143,18143,18146,21804
1830,1,13842,27127,26915,27127,18545
1831,0,12640,19690,19690,20722,18671
1832,0,3122,21358,21358,19361,22405
1833,48,6744,18804,23987,19141,19779
1834,0,2620,25739,25739,26664,26239
1835,0,2436,16438,16438,15825,16439
1836,0,14444,19901,19901,15543,15625
1837,0,11011,19172,19172,27670,20162
1838,0,11794,18861,18861,24423,23391
1839,61,3973,26890,20731,21225,21030
1840,0,3602,16945,16945,16733,16944
1841,0,5546,17249,17249,15132,15537
1842,0,6135,18433,18433,20635,16967
1843,0,10685,18533,18533,24375,18220
1844,0,1533,25794,25794,25929,26572
1845,0,12638,18452,18452,21239,15969
1846,1,794,15114,16520,15114,19212
1847,3,14583,22458,19091,16506,15499
1848,0,12734,17444,17444,15899,17334
1849,0,13720,19404,19404,15282,17728
1850,46,9401,24337,24448,21131,22235
1851,0,906,24504,24504,21598,25122
1852,0,839,22535,22535,21475,26069
1853,3,13108,16523,18365,23987,24992
1854,0,8980,27362,27362,16291,26051
1855,0,9207,25793,25793,22637,16165
1856,0,5656,24696,24696,26304,25430
1857,1,10216,24610,24605,24610,24608
1858,1,1104,16212,24784,16212,15674
1859,0,9609,17848,17848,26064,26063
1860,0,211,15352,15352,15354,15372
1861,0,6318,26008,26008,20481,24255
1862,0,9602,20606,20606,20080,20607
1863,0,4836,26899,26899,22473,26013
1864,4,13241,26754,24476,23079,24468
1865,1,2300,20701,19063,20701,15750
1866,751,1370,25679,27173,27172,25076
1867,0,963,18842,18842,24937,21984
1868,0,8077,15753,15753,18139,18280
1869,0,496,16852,16852,15423,15132
1870,0,7615,22999,22999,18448,19442
1871,0,13457,25895,25895,16200,23443
1872,0,11944,24506,24506,17441,26982
1873,0,5835,15192,15192,23903,25310
1874,15,544,27737,27708,27752,22581
1875,2,6735,19191,19386,19033,19191
1876,0,13085,21520,21520,25101,27323
1877,0,9095,21236,21236,15971,23766
1878,1,6207,22442,17626,22442,22443
1879,0,7059,26850,26850,23190,21581
1880,0,6734,25337,25337,25173,19141
1881,0,11315,21128,21128,27479,17010
1882,0,3530,21880,21880,21881,25522
1883,0,4290,18100,18100,25348,22794
1884,0,6666,26815,26815,26243,22768
1885,0,1505,18968,18968,18967,20564
1886,26,1294,17226,14951,15185,17866
1887,0,1646,21910,21910,23650,23331
1888,0,7025,18220,18220,22882,27041
1889,0,12892,17055,17055,17498,17263
1890,0,9940,26450,26450,25868,26533
1891,0,7731,16232,16232,21357,20324
1892,1,7767,26739,17226,26739,17578
1893,0,7271,22771,22771,16523,23132
1894,0,12909,25753,25753,26804,16523
1895,7,4034,27488,24983,26542,27327
1896,0,946,24861,24861,20731,18825
1897,80,5221,25353,24861,20731,18825
1898,0,3210,25227,25227,25035,24255
1899,0,4117,18949,18949,15305,15304
1900,0,6624,26257,26257,21733,24375
1901,0,13140,20750,20750,24831,19016
1902,0,10211,18996,18996,19469,20085
1903,0,2129,24191,24191,16398,23738
1904,0,7722,25428,25428,25427,22434
1905,52,6576,23988,22339,14966,27388
1906,0,8796,24399,24399,18748,26982
1907,0,12867,20909,20909,24992,25561
1908,0,4312,27244,27244,25743,26992
1909,0,7679,23788,23788,22474,24609
1910,0,1993,15216,15216,17385,21674
1911,34,5628,18792,16292,24472,27475
1912,0,9133,23085,23085,26152,23084
1913,0,3673,22051,22051,24434,17508
1914,4,7695,15669,19057,15909,23578
1915,0,306,15606,15606,23476,26577
1916,26,13084,25689,23414,19202,17293
1917,58,13701,24737,18895,18894,19430
1918,0,9443,16017,16017,17283,16820
1919,9,4876,17115,18280,25115,23970
1920,0,1855,20551,20551,17730,20663
1921,0,12763,22787,22787,26982,23920
1922,0,987,25654,25654,20113,21522
1923,18,10361,24169,27475,23572,14951
1924,2,11824,18530,24049,16523,18530
1925,2,7600,15282,17867,19404,15282
1926,0,5271,23277,23277,26548,20530
1927,0,8638,17679,17679,17678,16039
1928,0,8643,19262,19262,22056,22995
1929,0,2743,25776,25776,27046,17819
1930,202,9153,23123,24990,24434,20003
1931,0,12315,25894,25894,22734,24322
1932,0,8040,20564,20564,18344,24983
1933,0,5172,22688,22688,22390,19352
1934,16,10639,25522,25222,25803,23248
1935,0,10931,26535,26535,24730,17827
1936,0,1451,25208,25208,23562,21751
1937,0,5189,23146,23146,26865,21857
1938,0,4920,18982,18982,25445,23464
1939,0,13424,17696,17696,25258,22067
1940,0,14073,17678,17678,17679,19148
1941,0,2656,17328,17328,15159,18655
1942,93,332,25976,15200,23899,22581
1943,0,10781,19897,19897,24255,20162
1944,0,12229,22508,22508,25277,18758
1945,0,3300,16525,16525,20953,17016
1946,0,14606,24853,24853,20126,21184
1947,0,5250,16618,16618,18578,27430
1948,0,6024,19016,19016,16165,19011
1949,2,7291,21984,26615,21648,21984
1950,1,4495,23380,17405,23380,26262
1951,0,9043,23119,23119,21592,15456
1952,392,7138,25367,24992,26804,16523
1953,32,13183,17325,15625,27756,23414
1954,0,13093,16416,16416,21294,15443
1955,0,8883,16067,16067,16066,16666
1956,0,5423,24346,24346,16398,25423
1957,0,6649,20226,20226,17415,20266
1958,0,11347,22682,22682,20968,25173
1959,24,6779,17578,27756,17293,19799
1960,0,13652,17306,17306,20615,17303
1961,0,7066,23722,23722,24502,17627
1962,0,11886,24205,24205,22913,25278
1963,2,6572,26925,25504,19584,26925
1964,0,12653,16824,16824,25984,18587
1965,0,4503,15200,15200,22581,23899
1966,0,6662,27158,27158,22442,23091
1967,43,13792,22327,21988,25726,23975
1968,0,3541,19656,19656,21564,26804
1969,3,12034,21794,19981,19797,22964
1970,0,7261,20246,20246,20231,19663
1971,54,11213,20454,24191,25235,23327
1972,0,6577,24027,24027,25432,19612
1973,1,1155,23189,23966,23189,17082
1974,0,3176,24352,24352,24354,26976
1975,0,12642,26871,26871,20251,26395
1976,0,9436,15565,15565,15571,16335
1977,0,5748,18323,18323,18321,24073
1978,0,11969,24643,24643,27623,24644
1979,0,196,22298,22298,18297,18304
1980,0,13233,19958,19958,18483,15318
1981,0,3938,16958,16958,25779,24995
1982,0,6947,16398,16398,24205,20454
1983,9,5202,23368,25519,24801,25623
1984,68,9518,23223,23899,15200,15102
1985,0,4364,17767,17767,19205,19753
1986,0,11339,15057,15057,18931,18998
1987,0,5665,25296,25296,27207,27539
1988,0,14734,21986,21986,25793,25445
1989,0,5302,14968,14968,14976,15407
1990,231,8171,27388,16640,22916,15131
1991,0,14021,23806,23806,18802,23502
1992,0,13346,15716,15716,17612,15698
1993,0,1358,15122,15122,15764,18618
1994,0,6692,16898,16898,16887,17725
1995,0,12135,22542,22542,21094,20540
1996,0,14781,22300,22300,22285,17139
1997,0,14041,18534,18534,18532,16765
1998,0,5137,27112,27112,25522,25300
1999,12,7061,22715,22713,24255,27388
2000,0,2298,21124,21124,20937,16072
2001,0,7921,22900,22900,22902,25186
2002,0,14413,24321,24321,16907,24849
2003,0,8956,20938,20938,24568,25300
2004,0,13318,18970,18970,21112,21286
2005,0,1016,20286,20286,24337,24337
2006,177,14949,22602,15771,21765,27164
2007,0,1361,19259,19259,24568,21949
2008,0,4322,20076,20076,18115,21873
2009,0,6005,16172,16172,17860,24504
2010,0,3741,16283,16283,21648,21984
2011,0,368,19241,19241,21054,23302
2012,0,5797,18727,18727,23239,17004
2013,0,8890,19605,19605,19607,18110
2014,0,14149,18581,18581,20425,16099
2015,0,6862,23920,23920,25258,22067
2016,0,4873,18297,18297,17627,20314
2017,131,9204,21674,27761,27753,27728
2018,143,5783,18365,16648,17785,18579
2019,6,7264,25603,26891,24928,25787
2020,65,14296,26328,21988,21674,24061
2021,0,7367,23766,23766,24434,22637
2022,0,7392,18855,18855,19873,19663
2023,0,5260,22355,22355,22391,23580
2024,0,4250,20920,20920,26289,25769
2025,0,9623,21277,21277,21259,20819
2026,0,8487,21896,21896,26804,23472
2027,2,556,27344,23946,23945,27344
2028,0,1088,25915,25915,24856,19701
2029,91,12351,23495,26726,25459,25136
2030,0,10650,21257,21257,16148,25578
2031,0,2199,25984,25984,22083,26193
2032,0,4646,17052,17052,17055,21611
2033,0,1428,21454,21454,26349,21225
2034,0,13126,20643,20643,19516,20632
2035,0,5468,24831,24831,20750,19016
2036,0,8999,22485,22485,21790,22075
2037,0,4422,17510,17510,23090,20910
2038,0,6489,24593,24593,26226,26627
2039,0,5866,25445,25445,23464,18982
2040,0,2143,21991,21991,23132,26804
2041,0,10713,24310,24310,16523,25683
2042,0,2688,15809,15809,21308,16908
2043,0,11062,27647,27647,27327,27595
2044,0,4814,19629,19629,22435,22432
2045,0,9142,23160,23160,26694,16861
2046,0,10821,26976,26976,26975,24352
2047,0,187,17235,17235,18458,27399
2048,0,12563,26694,26694,25517,23160
2049,0,3933,23587,23587,19881,22891
2050,0,14724,16099,16099,27708,18581
2051,5,5210,25898,18100,25348,27523
2052,0,113,20530,20530,24130,23277
2053,0,14013,24307,24307,24308,23975
2054,1,1977,26496,26495,26496,23711
2055,1,1345,25416,17666,25416,27761
2056,0,11898,20955,20955,26796,19031
2057,0,13515,18524,18524,18208,16908
2058,2,6526,23987,19779,16523,23987
2059,44,13208,25237,26891,24928,25787
2060,0,12406,19856,19856,17932,26804
2061,62,14343,19799,15577,16292,27203
2062,0,9106,19982,19982,23675,23966
2063,0,6395,18186,18186,17996,17995
2064,0,2237,19097,19097,19098,27350
2065,0,13284,25076,25076,24924,26915
2066,0,11259,20230,20230,26178,20231
2067,0,454,16861,16861,21054,23160
2068,0,1567,26837,26837,27786,23575
2069,0,9465,26325,26325,21475,25655
2070,0,6193,18836,18836,15795,21722
2071,0,10143,21159,21159,20035,15625
2072,0,2877,23195,23195,23976,18511
2073,0,5299,23563,23563,23620,23039
2074,0,12927,26627,26627,26725,27570
2075,2,3548,25844,19733,25598,25844
2076,0,6487,26918,26918,23527,25519
2077,0,10610,25560,25560,25442,27539
2078,0,3661,18751,18751,19338,26804
2079,6,5522,22215,18733,22165,18840
2080,0,1135,23084,23084,23085,26152
2081,0,9502,17010,17010,27479,22715
2082,0,58,14955,14955,15171,15025
2083,0,6105,26076,26076,26075,27523
2084,0,9927,18445,18445,21497,20470
2085,0,3698,15118,15118,21286,21283
2086,0,12702,23293,23293,27164,21945
2087,0,4971,21290,21290,22024,18381
2088,0,1192,26793,26793,26585,27468
2089,0,14281,16647,16647,15122,16648
2090,0,1246,18565,18565,18553,18554
2091,1,847,16088,16090,16088,16087
2092,0,14336,23045,23045,20630,17666
2093,0,4706,23607,23607,15218,22703
2094,0,11286,20678,20678,20683,20679
2095,7,8991,22895,15364,20910,24580
2096,0,11953,18139,18139,15753,18056
2097,0,3634,21094,21094,19108,22542
2098,1,3423,18649,23148,18649,22765
2099,0,5306,16316,16316,17641,19290
2100,0,3735,22159,22159,23095,21813
2101,0,7425,18545,18545,26915,27127
2102,0,4966,20510,20510,20521,20526
2103,0,3130,23047,23047,25787,23368
2104,7,6231,26171,22778,26925,23370
2105,0,10264,24582,24582,23788,24368
2106,0,9763,25697,25697,16952,24506
2107,0,5387,19686,19686,18840,14966
2108,0,11096,20031,20031,20034,27752
2109,4,4063,23929,26069,17476,26884
2110,1,12404,19626,22871,19626,18494
2111,0,11356,17374,17374,17375,19994
2112,0,2697,23650,23650,20584,21910
2113,0,9220,17567,17567,25844,19173
2114,0,843,17952,17952,23040,15423
2115,1,11755,25750,23852,25750,20910
2116,0,8957,14997,14997,24248,21765
2117,0,7152,15902,15902,23169,21988
2118,0,11877,22794,22794,18100,17232
2119,0,2853,20058,20058,21738,19338
2120,0,6409,18722,18722,16381,20958
2121,0,13234,15318,15318,19958,18483
2122,0,3893,19523,19523,17303,20615
2123,0,5922,18000,18000,27495,26060
2124,4,4383,23820,25278,26004,23763
2125,0,3211,20921,20921,21693,21695
2126,0,13833,17060,17060,24977,21241
2127,0,5267,17045,17045,15904,15294
2128,0,9405,26749,26749,24518,19629
2129,0,2873,22043,22043,23195,21937
2130,0,11958,21732,21732,23037,19669
2131,0,6056,21582,21582,17804,17807
2132,0,13431,16788,16788,15526,26791
2133,0,13260,21149,21149,21405,20323
2134,0,967,18394,18394,16381,18667
2135,548,11397,22654,15259,15258,17464
2136,0,3542,19423,19423,19262,15633
2137,0,14295,18653,18653,24803,22458
2138,8,6179,24119,27512,21701,26664
2139,0,8491,16873,16873,17834,16923
2140,0,12218,23976,23976,20910,24468
2141,0,1494,19344,19344,19341,19342
2142,0,9079,26309,26309,26436,20251
2143,108,10024,22514,16523,25522,18700
2144,0,684,25285,25285,19665,26143
2145,0,1125,17719,17719,16540,23356
2146,26,2894,19268,18842,17807,21775
2147,0,10231,26052,26052,25722,22593
2148,0,4798,25722,25722,16760,18015
2149,1,8651,15764,17595,15764,19466
2150,0,8375,23687,23687,18949,16343
2151,0,4464,18781,18781,20669,15476
2152,0,1128,21049,21049,17219,17018
2153,0,311,19753,19753,17768,16614
2154,1071,14218,22581,15451,27782,23702
2155,0,5156,18149,18149,18153,18152
2156,1,2791,23205,23189,23205,23675
2157,0,13151,27638,27638,27399,25799
2158,0,2814,25868,25868,26450,21671
2159,0,10601,20444,20444,16349,19493
2160,0,12437,22059,22059,16721,27430
2161,80,10204,17213,23572,14951,22581
2162,0,12966,27107,27107,21921,23015
2163,0,3499,20110,20110,20109,19649
2164,62,1653,25787,24953,22913,16449
2165,0,5663,22271,22271,22273,18647
2166,4,328,18280,17115,15097,24693
2167,0,1324,16671,16671,22040,22215
2168,0,14311,24117,24117,19858,17213
2169,155,14066,21184,21191,22300,22573
2170,0,6857,16883,16883,17578,18758
2171,0,11561,26686,26686,19675,24432
2172,0,2216,15540,15540,15537,15122
2173,95,3901,23572,15185,23169,15131
2174,12,4002,26000,23053,16522,23327
2175,0,13635,22166,22166,18212,20724
2176,62,4052,24286,26891,24928,25787
2177,0,6121,27041,27041,24375,21823
2178,3,1932,22975,25409,18494,19626
2179,1,7911,27164,19206,27164,27523
2180,0,3896,24934,24934,27722,25865
2181,0,14043,20860,20860,20503,20630
2182,0,11150,18196,18196,16250,23562
2183,0,12309,24849,24849,25416,17666
2184,3,8213,16481,17248,17245,15758
2185,0,4532,18946,18946,18939,19826
2186,1,4157,23945,23937,23945,23946
2187,0,13498,20380,20380,18301,18660
2188,0,13185,18595,18595,15657,18594
2189,0,5760,25920,25920,26834,24934
2190,0,2574,14979,14979,24992,18365
2191,0,10086,21695,21695,21696,20921
2192,0,2527,24560,24560,26577,26017
2193,0,9862,27202,27202,24655,26438
2194,0,1475,19948,19948,25501,22421
2195,0,42,21902,21902,21030,25902
2196,0,384,17523,17523,27168,17785
2197,24,3353,23053,23127,23543,19973
2198,0,12827,16749,16749,24411,15731
2199,0,1843,18671,18671,20131,25891
2200,0,10031,22593,22593,26052,22592
2201,0,9852,17929,17929,21553,16606
2202,0,8400,18518,18518,26982,27753
2203,0,6214,27515,27515,27151,27069
2204,0,7052,17038,17038,20835,26387
2205,0,13313,19028,19028,16303,18933
2206,0,4881,20113,20113,15242,25654
2207,0,3283,25111,25111,21638,23214
2208,0,8915,22977,22977,22080,24654
2209,0,3702,17232,17232,22794,21921
2210,0,6512,20857,20857,20859,20848
2211,4,13583,23414,19828,20263,21988
2212,0,13677,19941,19941,19937,20630
2213,0,12887,19349,19349,22515,22705
2214,0,14300,18802,18802,23806,23437
2215,0,6068,18301,18301,20380,16667
2216,0,4827,17757,17757,16050,15920
2217,0,8810,20109,20109,20110,16944
2218,0,165,26392,26392,27243,27233
2219,0,3370,24658,24658,25300,24255
2220,0,7530,20307,20307,21286,23187
2221,0,13513,21999,21999,21998,23890
2222,0,4959,17133,17133,17135,21277
2223,0,14426,23657,23657,24429,25976
2224,0,1319,17804,17804,21582,16577
2225,15,10370,23544,25337,21028,24447
2226,0,3195,18554,18554,18565,18566
2227,2,11876,22330,22616,22297,22330
2228,0,11798,21403,21403,21405,21687
2229,0,1552,22723,22723,21374,23015
2230,0,1784,21621,21621,27577,20530
2231,14,10273,21868,23970,20428,27271
2232,0,1021,20584,20584,23650,23331
2233,23,3907,27322,26059,26172,25117
2234,0,2850,22979,22979,25678,22829
2235,0,8371,26150,26150,23047,25603
2236,0,7894,21380,21380,25476,23350
2237,11,2358,21701,26749,27512,24518
2238,0,7959,17940,17940,21553,17922
2239,0,12690,15036,15036,19521,27782
2240,0,9765,24562,24562,23229,24182
2241,0,2596,21696,21696,26345,21695
2242,0,20,25476,25476,25769,21380
2243,0,9842,24472,24472,26064,17819
2244,0,9323,21790,21790,17815,22485
2245,0,14586,27161,27161,17633,22388
2246,0,2117,26262,26262,17405,27033
2247,0,734,16846,16846,23282,24049
2248,0,6822,19148,19148,21762,16447
2249,0,210,16843,16843,19796,26732
2250,0,5116,22299,22299,22300,20430
2251,0,13533,17799,17799,22082,23997
2252,1,481,27623,24643,27623,23847
2253,0,2676,20452,20452,21754,16993
2254,0,10681,22526,22526,21920,22160
2255,0,7024,23229,23229,24562,27598
2256,0,102,18647,18647,19042,22273
2257,0,12121,15018,15018,16273,15423
2258,0,14272,19600,19600,18128,22173
2259,0,402,21410,21410,25117,26059
2260,0,13225,23613,23613,23615,23614
2261,0,4077,15372,15372,15352,15354
2262,0,10097,16640,16640,22916,17827
2263,0,11764,23037,23037,21732,25277
2264,0,2718,19554,19554,22636,24741
2265,0,8968,20845,20845,17051,15895
2266,0,3093,16089,16089,23393,17018
2267,0,13428,18500,18500,18499,23457
2268,0,5465,15363,15363,17762,22165
2269,1,9861,18962,19315,18962,18961
2270,15,11097,15134,24286,24237,16677
2271,0,4099,26454,26454,27609,26539
2272,0,14730,22177,22177,20394,20630
2273,0,7772,21374,21374,23472,21896
2274,0,5497,18286,18286,19207,18290
2275,1,5962,23382,23106,23382,25300
2276,0,6429,21376,21376,23143,24606
2277,1,9758,25143,25441,25143,23495
2278,0,7016,22309,22309,22312,17856
2279,0,12926,18758,18758,15074,16883
2280,0,4038,16770,16770,15936,19328
2281,0,2267,19338,19338,22320,17324
2282,0,14029,16830,16830,16727,16325
2283,0,164,27233,27233,27243,26392
2284,0,2854,26178,26178,20230,26433
2285,0,2379,15144,15144,19442,22769
2286,0,6078,15549,15549,16139,14975
2287,1,12780,17715,26328,17715,24308
2288,0,10577,15909,15909,21765,27113
2289,0,13594,16936,16936,21655,23189
2290,0,7853,25027,25027,26569,18011
2291,0,4724,15899,15899,19966,16519
2292,0,10133,25459,25459,23575,25237
2293,0,10165,16435,16435,16439,15825
2294,0,6283,21522,21522,27704,25654
2295,0,6086,27609,27609,27595,24869
2296,0,10757,15939,15939,20540,21885
2297,4,4607,19731,22320,21896,18751
2298,0,12936,21185,21185,18890,23443
2299,0,582,19144,19144,22791,18894
2300,0,10617,21191,21191,24434,22252
2301,0,1934,20450,20450,16130,16232
2302,40,4583,25430,17848,21636,24914
2303,0,5954,19031,19031,27172,27264
2304,1,6190,27457,27670,27457,19172
2305,0,11439,23724,23724,19527,22547
2306,27,8383,21671,25367,23231,23970
2307,42,5183,25300,24775,24768,23382
2308,0,14107,17453,17453,17564,16225
2309,0,163,19433,19433,17643,15704
2310,0,280,16262,16262,16227,16313
2311,0,7153,27683,27683,27350,27128
2312,0,9593,26602,26602,20385,17827
2313,1,5612,18627,21668,18627,19685
2314,0,3023,26542,26542,27547,26515
2315,0,4323,23696,23696,24511,21017
2316,0,1127,24125,24125,23988,21564
2317,0,7065,16048,16048,17762,18337
2318,12,5686,25379,22854,27244,21783
2319,0,5951,15813,15813,23320,23318
2320,0,12394,20451,20451,20759,21754
2321,0,14720,17818,17818,18352,27704
2322,0,3847,15448,15448,24913,16225
2323,0,4138,25442,25442,24161,24034
2324,0,2503,23200,23200,27468,23793
2325,0,12538,19681,19681,16840,23433
2326,0,11739,17932,17932,17929,23015
2327,0,14151,20835,20835,19794,20630
2328,33,943,19489,22597,22618,23734
2329,0,7919,20711,20711,15880,19960
2330,0,6,22950,22950,21137,24811
2331,0,4933,17159,17159,17295,19053
2332,0,475,26742,26742,24326,27090
2333,17,520,26336,27510,26586,26587
2334,6,11478,17147,18882,17417,16883
2335,0,12090,19573,19573,19571,19584
2336,0,13733,21406,21406,21687,21405
2337,0,12532,18010,18010,19594,21840
2338,0,2481,18033,18033,22684,22682
2339,1,5307,19108,24318,19108,23070
2340,0,8049,16960,16960,18820,17213
2341,0,2250,22080,22080,23413,18222
2342,0,6173,27140,27140,23929,15215
2343,0,14053,26430,26430,22442,23091
2344,0,2447,26532,26532,25300,25683
2345,0,11704,23040,23040,17952,16416
2346,0,14285,17029,17029,15565,16705
2347,0,326,20840,20840,15144,20630
2348,0,1975,22597,22597,22618,22619
2349,0,7163,27167,27167,27786,27409
2350,0,8598,16173,16173,20739,15878
2351,0,11906,24447,24447,27132,18939
2352,0,9703,20646,20646,20635,20630
2353,0,7738,27297,27297,27296,27303
2354,0,9543,25968,25968,24869,26454
2355,0,12333,15504,15504,21385,15062
2356,59,8511,20263,22327,18196,20105
2357,11,12122,18733,21671,14997,25277
2358,0,8818,22371,22371,26669,27386
2359,0,493,22435,22435,19629,27633
2360,0,13060,18458,18458,17235,15092
2361,0,10379,20992,20992,22977,21920
2362,0,14203,15244,15244,17464,18019
2363,0,3835,15215,15215,20941,27140
2364,1,4990,14966,19686,14966,18840
2365,0,13270,19011,19011,19009,25522
2366,0,4781,26060,26060,26511,26577
2367,0,1185,25816,25816,26271,17840
2368,0,1469,25884,25884,25799,16577
2369,0,5862,20124,20124,24234,23254
2370,2,13731,23881,16754,17706,23881
2371,0,4792,18906,18906,26792,25344
2372,0,12445,15543,15543,19901,17388
2373,0,9947,18494,18494,19626,25409
2374,0,118,15888,15888,15764,15122
2375,0,12412,26134,26134,17785,18856
2376,0,3226,18344,18344,18342,20564
2377,0,6864,24161,24161,25442,25376
2378,0,10176,24621,24621,21225,21053
2379,0,2341,22421,22421,18342,20564
2380,0,3648,19882,19882,22320,24111
2381,0,5159,25310,25310,26068,23903
2382,0,13778,22254,22254,15537,24233
2383,16,2783,23575,26891,25787,24928
2384,0,3904,20683,20683,20678,20679
2385,0,11795,26019,26019,25627,23651
2386,0,13782,16343,16343,17612,18170
2387,0,10505,27644,27644,27608,25847
2388,0,2896,16282,16282,22014,17856
2389,0,4176,25771,25771,27127,26915
2390,59,11912,19594,25089,23806,15171
2391,11,14223,19442,16633,17161,23148
2392,0,1384,25749,25749,27422,25854
2393,0,13613,20386,20386,19149,15936
2394,0,13870,21646,21646,18624,25089
2395,3,3774,16165,15574,17976,23969
2396,0,63,24368,24368,21843,27114
2397,44,11314,23578,15910,16048,27203
2398,3,11269,16182,15504,21385,22508
2399,0,3800,18408,18408,16264,16515
2400,281,14036,18895,21921,19799,17711
2401,0,13271,25496,25496,22160,25726
2402,0,4708,18096,18096,25300,22793
2403,0,3543,26495,26495,26496,26497
2404,181,13876,25623,27782,24757,18352
2405,0,9470,23144,23144,18304,20314
2406,0,10241,20852,20852,23260,15648
2407,0,9027,19101,19101,18967,22575
2408,12,9741,25423,25787,23763,23702
2409,0,2210,21770,21770,19813,18202
2410,0,13392,23058,23058,16081,21671
2411,0,4946,15120,15120,15366,24108
2412,0,8164,16924,16924,16923,22224
2413,1,6975,19169,21945,19169,17578
2414,0,13927,16722,16722,16721,22834
2415,0,14221,17387,17387,22680,26181
2416,9,5993,25598,27252,27243,26392
2417,0,3124,26847,26847,22549,24983
2418,0,7412,22253,22253,23367,19799
2419,0,7973,25936,25936,16715,23820
2420,0,3803,27376,27376,26137,25614
2421,0,13394,22227,22227,19966,22981
2422,0,12059,17263,17263,16109,17055
2423,0,11107,23170,23170,25462,23347
2424,1,10841,22616,22297,22616,22294
2425,35,12152,25809,26535,21897,23542
2426,0,7421,27350,27350,27683,27128
2427,17,2386,27662,27192,27600,27647
2428,0,11417,15133,15133,23245,26791
2429,0,4302,18825,18825,21989,26395
2430,0,12314,17161,17161,23148,26589
2431,0,5733,15537,15537,15540,22254
2432,0,9966,20368,20368,21907,16989
2433,0,4436,26059,26059,25117,26249
2434,0,11887,27104,27104,16474,15122
2435,0,9779,19755,19755,21286,21283
2436,1,12248,20085,20088,20085,22665
2437,0,2177,24811,24811,21137,22950
2438,0,11170,26360,26360,26544,26548
2439,0,11699,16705,16705,17029,15648
2440,0,13752,18321,18321,18323,24073
2441,0,13088,19053,19053,17295,17159
2442,6,871,26865,16212,24784,15674
2443,0,2911,20653,20653,20630,15161
2444,0,10088,26330,26330,27782,25863
2445,0,12591,22575,22575,22320,25561
2446,8,11585,23299,20910,24081,23976
2447,0,12931,16220,16220,23347,25863
2448,79,11702,27539,27595,24714,26511
2449,0,11410,17073,17073,18536,24322
2450,0,1132,27229,27229,22450,17856
2451,1,13375,25343,25679,25343,25178
2452,0,11266,25174,25174,26163,24924
2453,0,2796,22307,22307,23445,21566
2454,0,12288,16061,16061,18207,27015
2455,0,10457,16533,16533,16227,16313
2456,0,2812,15360,15360,20893,20223
2457,0,10712,21687,21687,21405,21406
2458,0,5234,20681,20681,15625,17135
2459,0,12258,19125,19125,19123,19478
2460,0,1129,16857,16857,15159,17328
2461,0,13875,21907,21907,22040,16488
2462,0,758,16306,16306,19088,17166
2463,3,3914,25683,25898,19652,25173
2464,0,5341,27033,27033,26262,25304
2465,0,8964,21053,21053,27422,19861
2466,0,9980,25362,25362,21797,21564
2467,20,51,26886,14956,15237,23148
2468,0,13465,25591,25591,22159,18556
2469,0,9893,27442,27442,27178,27481
2470,0,7029,21385,21385,15504,19427
2471,46,14523,24449,23443,23132,22723
2472,0,219,24219,24219,18352,24169
2473,0,9881,23950,23950,19973,26615
2474,0,6722,19001,19001,17541,18616
2475,1,11229,20765,20766,20765,20669
2476,0,2744,16660,16660,23727,21499
2477,32,11777,26361,26004,23527,25136
2478,0,4719,25848,25848,21470,25399
2479,1,2666,19999,17375,19999,16800
2480,1,13421,17084,19859,17084,15907
2481,0,4376,25614,25614,21614,25296
2482,4,1210,21308,19207,18290,18286
2483,0,14180,18222,18222,18221,22080
2484,0,10849,21876,21876,25743,23070
2485,0,1068,15087,15087,15747,19149
2486,0,9107,19675,19675,26686,24432
2487,0,2798,26689,26689,25270,24470
2488,0,12802,21920,21920,15956,22526
2489,0,4066,21693,21693,20921,24162
2490,43,1801,17293,14951,23572,15102
2491,0,8558,20131,20131,18671,20132
2492,0,10063,27560,27560,23847,24555
2493,0,251,14999,14999,14991,15021
2494,0,12805,15138,15138,16447,17417
2495,0,373,25286,25286,25277,24232
2496,0,8699,20500,20500,15003,23148
2497,1,8037,26615,21261,26615,20540
2498,0,12296,19927,19927,20039,27752
2499,6,11604,27386,25343,25178,25679
2500,0,14324,17620,17620,17085,17530
2501,0,2288,19381,19381,20999,17866
2502,2,7282,19063,20701,20702,19063
2503,0,4682,25088,25088,26742,24326
2504,0,9615,21451,21451,21674,21490
2505,6,9000,20324,20389,21176,20386
2506,0,9925,26459,26459,25140,21636
2507,0,5597,18966,18966,16918,23144
2508,0,8512,22558,22558,23113,23675
2509,0,12982,15048,15048,25808,25809
2510,0,6768,26226,26226,24593,21435
2511,0,5310,18926,18926,17510,21897
2512,0,8319,23974,23974,17781,25603
2513,0,14570,17957,17957,17110,17954
2514,1,4335,21911,23299,21911,24081
2515,0,3458,23039,23039,23563,25310
2516,0,11366,20348,20348,17612,17767
2517,0,13190,18056,18056,18139,19799
2518,3,11469,17219,17323,16909,18304
2519,0,4161,22949,22949,22929,24731
2520,137,3367,27759,25430,26647,23977
2521,8,7004,27786,17464,19275,25712
2522,0,1050,27599,27599,27327,27270
2523,3,1999,24937,22083,25984,22421
2524,13,9477,24992,23988,24125,26982
2525,0,9163,16070,16070,16074,20409
2526,0,3089,17403,17403,23160,21564
2527,0,5125,14975,14975,15015,15549
2528,0,12759,21286,21286,19755,15036
2529,0,9228,25929,25929,25166,26572
2530,5,6299,25505,26095,22953,26982
2531,0,5505,24537,24537,21989,26400
2532,0,2148,19046,19046,23752,27465
2533,0,8557,22189,22189,23207,23741
2534,9,12544,19061,19191,23970,19121
2535,0,9874,19123,19123,19125,19478
2536,74,5375,27203,16452,26925,23370
2537,0,3913,22405,22405,24130,27477
2538,0,2855,25541,25541,25535,19015
2539,0,7532,25273,25273,26191,22791
2540,0,10449,21553,21553,21848,17940
2541,0,9849,17732,17732,15274,21988
2542,0,5198,16669,16669,23582,16639
2543,0,13942,22791,22791,22792,25273
2544,0,6863,24162,24162,27682,21693
2545,0,11024,20754,20754,20630,19442
2546,0,2163,18231,18231,18228,18229
2547,0,14660,23020,23020,27164,23558
2548,0,13588,21499,21499,18626,16660
2549,0,2766,15969,15969,15025,22300
2550,0,9989,26095,26095,22953,25505
2551,1,3290,24415,22327,24415,23763
2552,0,2478,24644,24644,24643,27623
2553,0,13658,26842,26842,24049,20963
2554,0,583,15242,15242,21277,16678
2555,0,5636,21017,21017,16291,24561
2556,0,14410,18483,18483,19958,15318
2557,0,3571,19873,19873,18733,18967
2558,0,9648,22552,22552,22661,26700
2559,22,4026,22165,19571,20415,23070
2560,0,8198,25724,25724,26463,27386
2561,0,5098,23972,23972,26886,17666
2562,0,2522,18381,18381,18380,27015
2563,0,6426,21648,21648,25195,21775
2564,0,10467,16666,16666,16066,22666
2565,0,12571,19036,19036,19037,23886
2566,0,10844,20586,20586,21884,25898
2567,1,14735,23107,19196,23107,23573
2568,0,8312,27595,27595,27600,26752
2569,0,12084,21883,21883,26521,24135
