idx,rank,query_id,gt_id,ret1,ret2,ret3
0,0,9089,23314,23314,21596,20167
1,14,1938,27687,25256,25213,25365
2,1,11597,18968,26106,18968,18851
3,0,1165,20380,20380,23571,15324
4,4,10544,17697,21376,22687,17028
5,0,10869,19509,19509,19185,20224
6,0,12217,20725,20725,23426,16724
7,0,10201,27701,27701,17411,15533
8,0,10757,25068,25068,26522,24377
9,0,11942,22376,22376,23131,27704
10,0,781,15732,15732,28568,21310
11,0,1061,26052,26052,27391,27103
12,1,9773,21422,20023,21422,17619
13,0,8907,19722,19722,22360,15324
14,0,6946,22355,22355,19040,20924
15,0,1494,24749,24749,26428,25155
16,1010,13710,26252,29096,28460,21134
17,463,12767,24718,25985,29481,26613
18,0,3272,28311,28311,27144,24820
19,1,7289,20127,16768,20127,16186
20,0,9055,23852,23852,26223,22466
21,0,5679,23652,23652,25663,18608
22,285,12691,30086,27761,28628,28442
23,0,12595,17013,17013,21935,19310
24,0,883,28353,28353,23337,27851
25,1,3388,28734,24968,28734,27126
26,0,12100,27108,27108,25101,25409
27,7,1900,23173,16340,21617,17643
28,0,10050,27288,27288,27335,17779
29,1,10211,25763,27971,25763,21152
30,0,3836,21835,21835,22597,23392
31,0,13414,25251,25251,26907,27778
32,0,5029,21956,21956,21506,22472
33,0,8865,23614,23614,21376,22113
34,0,4657,27492,27492,28947,27922
35,3,6810,20448,23432,25645,18625
36,42,7082,15098,22705,26381,25409
37,85,9931,23738,24175,28115,30038
38,0,4445,28212,28212,23200,19722
39,514,3277,22895,23411,19284,22039
40,860,3741,17161,21794,19144,18893
41,563,3766,21742,18087,16886,17302
42,0,11711,16768,16768,19879,22618
43,0,13594,27865,27865,26133,28553
44,0,5418,22602,22602,19636,19179
45,0,7901,25849,25849,24718,25338
46,0,8822,24097,24097,27491,27757
47,0,7016,19898,19898,15784,21495
48,0,10080,21099,21099,18611,16622
49,730,8869,18606,21816,17650,21328
50,0,3707,17467,17467,16261,30327
51,9,10193,21943,22039,20072,22977
52,0,11731,23814,23814,26733,25261
53,0,2506,25934,25934,27075,19642
54,0,11403,26766,26766,28889,15325
55,0,9996,23859,23859,29640,26013
56,0,4537,15656,15656,21226,20303
57,0,4565,23375,23375,22518,17779
58,3,4951,29209,29484,30277,28080
59,0,8715,24656,24656,27192,29869
60,0,314,15238,15238,19912,15253
61,1,11117,30025,26079,30025,25860
62,0,4500,16493,16493,20763,20382
63,0,4469,29286,29286,26769,26844
64,0,7385,24326,24326,25190,25409
65,12,3724,24598,28056,15127,28096
66,0,3260,29052,29052,27255,27541
67,0,2349,26954,26954,24707,29790
68,0,4908,29930,29930,29958,30005
69,0,11147,23928,23928,24814,23837
70,0,6401,29154,29154,23200,28086
71,0,6301,19619,19619,15107,19000
72,8,4570,22328,16274,19107,26697
73,3,10070,20051,18606,23413,23635
74,0,1315,26672,26672,27255,27835
75,0,1432,24226,24226,25798,25955
76,3,8173,29478,27191,28280,29246
77,0,11278,23571,23571,22713,20749
78,0,3931,30319,30319,30333,30198
79,0,9202,24463,24463,19790,15148
80,0,5921,26481,26481,28048,25421
81,0,10228,29277,29277,29495,25627
82,0,13048,25347,25347,27385,28642
83,0,8537,26907,26907,25251,27778
84,0,12101,24154,24154,27097,24985
85,0,6872,29451,29451,28305,28396
86,0,123,21229,21229,16627,27064
87,0,7273,17653,17653,20223,22237
88,0,9100,24730,24730,24187,30319
89,22,3134,24804,25101,26212,24228
90,0,8403,29267,29267,21596,26452
91,1,5184,29740,27694,29740,25942
92,0,6177,27868,27868,29028,26073
93,0,782,27152,27152,29083,27589
94,0,4552,25959,25959,25046,25161
95,0,14423,24575,24575,19196,20900
96,1,9880,29047,29294,29047,24532
97,0,2950,25483,25483,24421,27256
98,0,8651,19016,19016,16139,18718
99,0,7418,26404,26404,17523,20590
100,153,8167,15072,30038,27583,24175
101,0,14139,25722,25722,21742,24341
102,24,8764,15827,22422,23143,22849
103,0,10679,18112,18112,22687,19722
104,14,7225,27168,24328,24384,25046
105,0,12626,26403,26403,17523,20590
106,0,4525,20110,20110,20250,20448
107,0,3031,25727,25727,26311,26169
108,0,3204,24034,24034,29478,28280
109,0,3221,18483,18483,19527,30099
110,0,4980,26437,26437,24116,24896
111,0,10829,29640,29640,29639,29632
112,368,6708,28790,22472,29366,28760
113,2,9238,26498,25815,27660,26498
114,217,5529,16578,16403,18874,17161
115,0,3762,21689,21689,15886,20701
116,0,2941,20934,20934,23496,19010
117,0,12266,27496,27496,29381,28590
118,0,9020,29008,29008,22687,20473
119,62,8250,28962,27084,25521,25755
120,0,8660,27102,27102,25856,29481
121,0,6102,24920,24920,28762,26126
122,0,13940,26011,26011,25860,27002
123,0,7395,29393,29393,26006,29152
124,2,14152,24245,26075,25884,24245
125,0,9411,20658,20658,21562,16012
126,0,11750,22564,22564,29064,20225
127,0,9508,27910,27910,24588,25155
128,1,14567,28195,26676,28195,25502
129,0,1413,23993,23993,25017,27500
130,59,5393,23047,26588,22422,23411
131,6,3536,30279,21495,20224,23011
132,0,10345,19128,19128,20664,20059
133,2,1123,28179,27379,26992,28179
134,0,4771,22431,22431,20167,19600
135,0,2935,15863,15863,16792,16335
136,0,3908,26087,26087,28858,29387
137,0,154,24981,24981,27895,24056
138,0,9643,20167,20167,24060,20916
139,0,4782,24961,24961,27779,27255
140,0,7759,27120,27120,27201,29495
141,0,9986,29457,29457,24920,23310
142,0,5180,29229,29229,29274,29250
143,1,8647,27011,27772,27011,28947
144,0,10622,28972,28972,29663,29809
145,0,1766,15894,15894,15673,17677
146,10,2528,25188,29468,27023,24607
147,0,14573,25162,25162,26270,29113
148,1,9831,21616,21662,21616,20232
149,0,6813,23104,23104,18611,26148
150,0,9953,25940,25940,27609,19341
151,0,1499,29408,29408,27713,29532
152,1,6656,25480,27084,25480,25521
153,0,4335,27056,27056,28353,25409
154,0,11831,26220,26220,28408,23807
155,0,10862,26655,26655,25627,28510
156,96,14310,28423,23943,27391,28509
157,0,13352,26888,26888,25861,25298
158,0,9264,20342,20342,17834,18865
159,0,12948,27450,27450,25835,27731
160,0,13911,25534,25534,29374,15563
161,0,2258,27311,27311,27070,28819
162,12,1115,15920,21315,19067,21758
163,66,5083,29907,22357,18526,17185
164,0,10029,23357,23357,22132,19734
165,0,12925,28642,28642,21036,25347
166,2,11574,26763,21681,27363,26763
167,0,2243,29299,29299,28961,27023
168,0,13330,26733,26733,23814,26913
169,2,2560,29294,24349,29047,29294
170,0,7961,25805,25805,15035,27973
171,0,9496,20920,20920,15363,17387
172,0,4544,28464,28464,27084,25755
173,0,14159,22715,22715,25898,25418
174,0,8401,18440,18440,16903,26730
175,0,680,16095,16095,28383,16622
176,1,7981,25031,26059,25031,26308
177,0,12316,27115,27115,30093,28628
178,0,1795,15991,15991,16035,26450
179,0,9743,24116,24116,26437,25211
180,0,5275,20981,20981,22213,20113
181,0,5747,29938,29938,29958,30066
182,1,12670,17969,19424,17969,19104
183,2,11161,18576,23238,29840,18576
184,0,9821,17431,17431,15336,19069
185,0,6669,19320,19320,22713,27646
186,17,9852,20559,21395,20664,29844
187,0,5033,28305,28305,26348,25287
188,0,14359,30258,30258,29861,29566
189,0,5433,20020,20020,22177,19172
190,3,13607,27977,27583,30115,24175
191,34,9793,23432,19104,21267,20389
192,0,387,29608,29608,28538,26288
193,1,4920,23632,22213,23632,20981
194,0,3211,19337,19337,19284,18320
195,0,8475,25503,25503,27019,28626
196,0,7301,27525,27525,28509,25764
197,0,7636,17050,17050,21933,20242
198,2,11832,23094,22328,22556,23094
199,0,142,25884,25884,26075,24245
200,0,6730,20532,20532,21130,16028
201,5,14857,23964,24613,28572,24804
202,162,627,17291,21617,19144,16340
203,2,7974,25908,24214,24727,25908
204,0,7005,28568,28568,15732,26545
205,0,5600,21280,21280,17962,19330
206,0,3150,19319,19319,15461,18281
207,0,10653,25768,25768,29160,28962
208,0,6724,19205,19205,19676,17170
209,0,1141,15172,15172,15213,26966
210,33,9397,26565,29066,24312,25502
211,0,1317,28482,28482,29565,26672
212,1,2050,30347,29528,30347,22970
213,16,10868,21338,21935,28477,29268
214,0,3178,18087,18087,18342,17302
215,6,13890,25889,25656,24030,25527
216,0,9543,27655,27655,26638,27182
217,80,7964,22538,24849,25577,21906
218,0,9003,29170,29170,27288,29848
219,0,130,24791,24791,23898,28856
220,82,9525,21816,22786,17037,16220
221,0,8529,26479,26479,28374,29381
222,0,14569,15066,15066,26314,26252
223,0,7732,29633,29633,29639,15411
224,0,6575,26247,26247,16596,27023
225,8,13068,22616,16464,23635,20242
226,0,10915,22553,22553,16695,22445
227,0,10927,16695,16695,22553,23623
228,0,13077,21572,21572,16275,26292
229,0,2370,27335,27335,30214,20081
230,0,5446,29065,29065,27311,25627
231,0,2924,17769,17769,22656,20232
232,0,4528,21521,21521,19280,17629
233,8,13972,17990,18407,17629,20232
234,6,13860,20296,28117,23209,15321
235,0,10673,20975,20975,22039,19449
236,0,5718,22223,22223,19654,18851
237,0,11120,23980,23980,26549,26606
238,2,10933,17777,18447,16743,17777
239,0,12389,15019,15019,28191,14969
240,170,13252,24701,30134,30072,22113
241,0,1344,24550,24550,29938,29958
242,0,12059,26840,26840,28363,21572
243,0,11484,26913,26913,28654,23814
244,0,7147,15493,15493,16529,16335
245,1,419,29852,25753,29852,27283
246,0,5451,27104,27104,29740,28696
247,0,6246,22250,22250,17185,26618
248,2,13699,25660,25101,15093,25660
249,0,10955,18803,18803,19490,23411
250,20,8610,15373,24757,16387,19111
251,0,6533,23224,23224,16381,17067
252,0,6737,25985,25985,24923,25755
253,0,2973,22088,22088,20557,19310
254,3,6080,30333,19144,17053,23165
255,0,7441,26079,26079,17638,23970
256,0,9228,16511,16511,17717,21344
257,2,3251,27053,27609,24598,27053
258,41,13564,29453,26981,25197,29668
259,0,6456,25883,25883,29809,29812
260,0,13720,26504,26504,25515,26167
261,2,11911,29939,21465,28077,29939
262,0,9022,29544,29544,23314,26452
263,0,14583,25078,25078,25220,27039
264,2,4610,27191,28280,29246,27191
265,0,6424,27215,27215,15127,28056
266,0,9357,28898,28898,25640,16292
267,0,1719,18889,18889,21739,28603
268,0,4073,15771,15771,22328,19501
269,0,6253,26638,26638,23060,25925
270,0,14189,22954,22954,26500,18586
271,0,5866,17820,17820,21543,22213
272,0,7849,16324,16324,18575,17834
273,11,939,25017,26703,24544,27922
274,0,6783,20243,20243,18256,16545
275,0,5601,26983,26983,24315,16557
276,0,10652,28912,28912,26844,24315
277,0,9457,23588,23588,28987,22328
278,1,9713,24413,24412,24413,25659
279,0,5474,26325,26325,25699,21889
280,0,7527,17266,17266,22724,19000
281,0,6947,30066,30066,30006,29958
282,0,8189,22594,22594,21353,23209
283,0,5131,28219,28219,29381,25627
284,0,7801,15001,15001,29663,28246
285,0,7748,20579,20579,18904,21622
286,8,11634,18575,15837,20579,19153
287,3,8909,29373,15871,27363,28480
288,2,12637,25854,26602,24369,25854
289,0,7057,17429,17429,23599,18611
290,3,6643,22724,15725,16381,18819
291,9,10837,22472,19185,23096,20311
292,2,7838,17310,19501,16622,17310
293,0,4501,28713,28713,29381,27201
294,29,13565,24757,27283,29096,25753
295,62,5341,23674,23057,27895,29907
296,12,8993,23494,21108,28898,19734
297,4,1585,19667,23432,22004,25645
298,144,12393,22970,29170,15324,19722
299,0,3182,29848,29848,25255,25967
300,0,3946,23898,23898,27801,28242
301,1,7962,15035,25805,15035,25338
302,1,12825,27584,27397,27584,29481
303,10,14430,28589,15066,25854,27014
304,0,12009,27417,27417,27379,26992
305,0,5380,23210,23210,19024,22012
306,184,12492,28949,27167,21152,23310
307,0,1561,21597,21597,19320,15107
308,0,12996,21601,21601,18088,21951
309,2,10637,29632,29640,29639,29632
310,97,10460,21152,26868,27322,26545
311,0,561,26133,26133,25755,29154
312,0,2814,20609,20609,24550,15850
313,0,3860,24476,24476,27196,23980
314,0,3712,23469,23469,19022,27758
315,0,12192,22728,22728,29011,19636
316,0,4303,26946,26946,26855,26208
317,0,4456,15725,15725,16381,17871
318,0,7026,22585,22585,16186,21956
319,1,6434,15254,19490,15254,23474
320,0,8284,18645,18645,21556,28215
321,0,1334,21951,21951,22928,23261
322,0,11937,21431,21431,21918,23623
323,0,13125,22757,22757,16306,18159
324,0,10028,21794,21794,27803,21328
325,0,3810,18052,18052,27941,20012
326,0,458,26793,26793,28305,29606
327,0,12460,20286,20286,20566,19514
328,1298,9267,24369,28973,27589,29083
329,0,13574,20302,20302,27520,26674
330,0,6642,25683,25683,28150,28374
331,0,13148,25807,25807,17718,15148
332,0,10979,21961,21961,19322,16529
333,6,3320,28585,29486,23835,26856
334,40,7792,22527,23392,21039,29339
335,171,10217,18320,23578,19627,22687
336,5,8671,27583,30038,26817,27977
337,41,11433,28399,29612,28128,27010
338,0,6,17981,17981,29291,18851
339,0,6077,16132,16132,20033,16483
340,0,5026,28340,28340,29069,29026
341,446,4746,22554,18087,17442,16886
342,0,11058,28520,28520,27404,27064
343,2,6876,27945,27841,15053,27945
344,619,14534,25917,22293,25728,20758
345,8,3027,21328,18844,16402,21315
346,0,8007,28443,28443,24025,23883
347,1,1306,29561,28133,29561,29447
348,0,13481,25364,25364,28466,26601
349,0,2417,22977,22977,19708,16658
350,0,1717,21886,21886,16483,20232
351,0,3865,18121,18121,17376,28445
352,0,12223,27198,27198,27124,29066
353,5,2620,30214,25203,20696,26347
354,6,12110,28903,24099,19981,15837
355,0,5727,28234,28234,17688,21776
356,0,9271,27982,27982,27713,26939
357,0,1699,18164,18164,18483,15712
358,0,11966,26668,26668,16636,24795
359,0,2346,28590,28590,29603,28914
360,48,13568,29071,30038,28115,24380
361,0,2757,20758,20758,21465,15217
362,0,2977,15005,15005,15629,19069
363,0,14420,26712,26712,27088,27011
364,11,8487,20081,15415,18575,18865
365,0,4598,24133,24133,27107,25683
366,0,10202,19926,19926,23239,23635
367,1,11658,23889,28760,23889,15352
368,0,110,27758,27758,19022,24770
369,0,121,23916,23916,26153,27803
370,0,6263,24930,24930,26153,29060
371,407,1401,16273,21342,29730,20749
372,0,875,25433,25433,28056,27215
373,0,13647,26270,26270,25162,28043
374,0,7903,25232,25232,24467,28553
375,0,8851,24967,24967,26149,27122
376,0,1228,18363,18363,22564,22687
377,0,10656,28442,28442,28077,24329
378,0,2183,16637,16637,19373,29668
379,20,14523,22368,27122,23474,30292
380,0,6458,27040,27040,25530,28212
381,0,2433,27507,27507,25616,24652
382,0,9667,14997,14997,15470,25589
383,3,4172,23143,20167,20909,24060
384,0,5295,26292,26292,26966,28750
385,0,7127,18025,18025,29471,18535
386,0,2000,20800,20800,19396,19501
387,0,11678,26250,26250,27589,29381
388,0,7203,21354,21354,17842,21121
389,9,14275,27971,27276,26392,29481
390,149,13761,26856,27773,24323,24668
391,0,8246,15265,15265,19981,24099
392,93,4022,22592,30335,18928,16094
393,0,3660,26160,26160,22970,29481
394,3,2308,25901,19879,26392,16768
395,44,13253,24613,25955,27788,18677
396,0,9433,16700,16700,29044,18987
397,0,8414,24773,24773,25084,24589
398,0,4494,26769,26769,29060,27170
399,5,4770,20830,17264,20551,18342
400,5,14133,29024,15736,25773,16434
401,0,2317,25120,25120,24032,29216
402,0,9947,24696,24696,27497,26167
403,0,4010,15443,15443,19626,22006
404,0,213,18137,18137,16242,19474
405,0,6086,25925,25925,24197,27255
406,1209,11742,27520,30134,30072,22113
407,5,2999,27322,26735,27107,28361
408,1,5758,28572,15197,28572,24585
409,0,10904,26489,26489,29484,29209
410,0,11467,26622,26622,27108,24174
411,0,4795,25754,25754,28790,25755
412,0,5872,26585,26585,26934,26933
413,0,8577,18413,18413,21226,21036
414,3,6194,18005,16516,21191,19217
415,1,10950,30090,18164,30090,28628
416,0,10727,26735,26735,28361,28549
417,28,6288,29486,24590,17007,29263
418,0,1225,21001,21001,20551,19284
419,0,11238,28549,28549,29532,30318
420,0,12563,27064,27064,21929,29310
421,0,1629,24111,24111,28961,28374
422,5,12928,15419,17291,23011,17028
423,0,3982,19575,19575,25101,22687
424,0,13850,24823,24823,28408,23807
425,0,5922,28082,28082,19596,22656
426,0,10167,25129,25129,24470,27974
427,9,13981,24280,26169,24050,21422
428,15,13541,24071,29578,29154,19734
429,0,4098,28665,28665,26653,27766
430,5,6409,23065,17962,19642,25366
431,2,6616,15824,27335,20081,15824
432,0,11112,25606,25606,23717,26167
433,0,1845,23523,23523,21739,18889
434,0,2013,22075,22075,22461,19205
435,0,2652,18892,18892,15837,19981
436,0,3608,28432,28432,29081,22293
437,420,2041,28553,29517,15254,15230
438,0,13576,27504,27504,25494,29302
439,0,8933,24927,24927,29948,29958
440,4,2588,16306,18914,22520,18608
441,0,9550,22885,22885,29544,30292
442,0,9868,30233,30233,29852,25203
443,0,9691,29495,29495,24315,26866
444,0,1813,22540,22540,17307,20705
445,52,14682,28128,28399,24071,29555
446,0,1468,15614,15614,19040,20924
447,0,7145,15415,15415,18005,16516
448,0,1972,25213,25213,25365,25256
449,0,8095,29354,29354,17752,27168
450,0,1284,22110,22110,20389,21267
451,2,4043,18407,18865,16619,18407
452,0,6407,27869,27869,22443,24608
453,645,14697,29873,27256,24323,29300
454,0,8118,18586,18586,23557,26868
455,1,4814,24968,28734,24968,23588
456,0,774,16039,16039,25221,18771
457,2,7567,17516,15824,19669,17516
458,0,10218,27184,27184,28027,29481
459,0,2052,22245,22245,28914,21906
460,14,8549,22639,20725,23293,23143
461,0,14518,27522,27522,25394,26977
462,0,12763,17324,17324,27779,24961
463,0,10584,15374,15374,22368,16655
464,68,7744,25113,15098,15084,27167
465,0,13391,29270,29270,29454,15072
466,0,4399,17305,17305,20601,27903
467,0,6885,25730,25730,19482,27722
468,0,8490,20823,20823,18195,22581
469,0,11515,18865,18865,22389,22977
470,0,2678,27730,27730,24910,25690
471,4,582,17779,18589,17429,22527
472,8,14157,27939,29481,21422,24799
473,0,1545,25790,25790,19389,23200
474,0,13601,23578,23578,18591,22687
475,0,1711,25250,25250,27207,26513
476,38,5133,21342,22800,21562,28572
477,0,4377,29081,29081,28432,22293
478,0,3406,25835,25835,27731,27097
479,0,13674,24062,24062,24329,16324
480,0,7286,27221,27221,24900,21328
481,0,8262,27228,27228,26966,28325
482,0,2906,16207,16207,15413,18629
483,80,7763,15624,16340,21933,21358
484,0,7955,16825,16825,29183,22692
485,0,2945,18893,18893,19144,21204
486,0,446,27887,27887,26421,22250
487,0,2193,20223,20223,17653,22237
488,0,10092,28481,28481,24799,27910
489,0,970,27025,27025,27325,28082
490,0,1955,21562,21562,25728,22423
491,0,6935,28869,28869,27311,25627
492,18,12445,27682,24449,28642,27865
493,0,9709,24359,24359,27525,25447
494,0,10405,20291,20291,17037,16039
495,0,4406,22796,22796,16688,20601
496,0,14097,26212,26212,28536,30240
497,0,7416,20887,20887,20015,20286
498,0,5503,25200,25200,22527,27053
499,0,5710,20309,20309,18591,22656
500,10,8845,29096,29138,28323,24663
501,0,12886,19828,19828,19179,23143
502,0,913,24056,24056,24981,23143
503,0,8749,25461,25461,29468,22885
504,0,8655,24197,24197,25925,29209
505,4,2032,21370,29886,17991,22422
506,0,4773,26452,26452,29495,27056
507,0,9047,24912,24912,21835,24940
508,0,6948,26545,26545,24315,27325
509,0,10314,27567,27567,28304,30086
510,1,9644,28384,25308,28384,28721
511,0,8623,26792,26792,27757,27801
512,0,5399,15251,15251,29873,15203
513,0,1864,18361,18361,16794,16275
514,0,8329,26421,26421,29065,27887
515,0,4964,25545,25545,27774,25849
516,1,3514,22237,21315,22237,30279
517,16,2538,23772,25942,24607,28305
518,0,11134,24814,24814,23837,23928
519,0,219,29886,29886,30320,27256
520,0,10782,28654,28654,26314,29481
521,0,10481,23947,23947,24470,27974
522,1,2905,28720,26348,28720,25287
523,20,13358,21347,17777,22556,15827
524,3,13668,27609,23807,25298,26888
525,0,11631,26660,26660,27609,26674
526,0,2500,29274,29274,29229,29250
527,0,9263,22618,22618,22430,24099
528,0,5441,26043,26043,29453,25013
529,0,10889,30001,30001,15462,30121
530,0,13953,25264,25264,24856,27363
531,44,9086,27475,27841,26703,27945
532,0,8484,26689,26689,25886,29447
533,0,9169,15563,15563,20924,23047
534,0,525,22713,22713,18982,16555
535,0,1803,22493,22493,22445,22931
536,0,10048,25507,25507,28520,29069
537,0,1659,15232,15232,15979,19490
538,0,6476,23998,23998,28048,25494
539,0,14431,26162,26162,24025,27544
540,9,13271,24585,15161,22970,27283
541,0,10371,22028,22028,26963,22039
542,0,12416,23845,23845,25409,28071
543,2,14726,23907,19981,18575,23907
544,0,8508,28547,28547,28972,29663
545,83,1223,24323,21681,24652,20389
546,0,2182,30335,30335,21626,30319
547,48,1510,23413,22616,23429,18606
548,0,1237,18195,18195,20823,22581
549,0,3071,28685,28685,28684,24026
550,0,1122,28425,28425,27379,26992
551,0,793,27382,27382,24812,29026
552,0,6728,24770,24770,28242,27170
553,0,3923,18511,18511,19079,19153
554,0,13524,26054,26054,24804,23964
555,2,5709,27406,26599,26844,27406
556,0,7923,28932,28932,26873,29005
557,1,10370,16619,16516,16619,20407
558,1,2894,18342,17291,18342,15461
559,0,2649,29201,29201,29011,26866
560,0,1933,18625,18625,19952,22977
561,0,14529,14970,14970,30038,29318
562,0,11869,28119,28119,25287,28705
563,0,2107,15413,15413,16207,18629
564,0,5707,16335,16335,17943,22300
565,0,2100,24098,24098,24938,24138
566,20,9847,21118,16261,17467,18087
567,0,4028,28169,28169,29366,22935
568,0,7246,28830,28830,25755,14970
569,0,11418,19549,19549,16483,18415
570,2,4970,19772,27880,28713,19772
571,0,12356,14969,14969,30267,15003
572,0,7032,18348,18348,24422,20250
573,16,992,25753,28705,26708,29387
574,0,6003,26785,26785,28215,18645
575,24,7348,26708,29484,26489,28482
576,13,9810,29429,25815,29478,26498
577,0,8138,25723,25723,27311,29310
578,0,4798,29651,29651,15736,16434
579,21,14134,20407,15614,23599,22328
580,0,14463,25170,25170,17903,25409
581,9,2360,23426,18700,21622,17387
582,1,619,19059,22355,19059,19040
583,0,2055,29471,29471,29561,18535
584,0,8265,29631,29631,29659,17367
585,40,12454,28391,28760,21152,29373
586,123,12270,29481,27695,26223,22032
587,0,6716,27548,27548,29381,27713
588,0,10602,20938,20938,23400,21354
589,0,1731,27694,27694,26689,28510
590,0,9326,29840,29840,16403,17780
591,0,13045,20526,20526,23129,23170
592,0,13535,21144,21144,29903,21720
593,0,2257,28766,28766,20666,22137
594,25,2537,21652,26165,23165,30287
595,0,10436,28242,28242,29381,28374
596,0,3062,28684,28684,28685,29489
597,0,6009,27068,27068,28842,29154
598,0,11382,29236,29236,25409,23333
599,0,11162,22574,22574,21720,21117
600,0,12434,25720,25720,26309,21191
601,0,6560,29528,29528,28590,29328
602,0,634,26844,26844,26599,25287
603,0,9949,15140,15140,25349,26961
604,14,12959,30038,28077,28442,24329
605,2,7547,26493,25805,15035,26493
606,1,5497,25312,26328,25312,25055
607,0,2110,25157,25157,28914,29093
608,0,5205,25417,25417,24470,24175
609,0,7999,15217,15217,28875,28194
610,0,2342,28961,28961,29553,30318
611,0,2774,22173,22173,18428,18700
612,0,12632,20958,20958,15827,16516
613,0,7852,27481,27481,26147,30272
614,0,10713,21918,21918,20747,16392
615,0,8768,28856,28856,27757,26083
616,2,12816,28032,29790,30146,28032
617,0,3645,22466,22466,23247,22593
618,0,6822,15831,15831,19865,21720
619,0,6251,29659,29659,29631,29632
620,0,12779,27594,27594,26935,26346
621,0,6620,20043,20043,16028,23525
622,0,8218,28570,28570,27796,15078
623,4,9799,20224,20551,18342,17302
624,2,6754,19888,20113,22012,19888
625,0,7531,25445,25445,25084,15499
626,0,11362,26894,26894,29044,26926
627,0,1679,28156,28156,28374,27120
628,0,2329,16264,16264,19396,16622
629,1,59,24384,25046,24384,25754
630,193,12417,16434,16094,21328,30335
631,0,5668,25650,25650,24992,29481
632,0,8943,27911,27911,23251,27704
633,0,5322,28919,28919,25645,28074
634,5,2957,27957,27910,25409,24588
635,49,3232,23700,23182,19217,21191
636,1,14761,30242,30261,30242,15722
637,0,7578,28762,28762,20980,25902
638,0,9469,26261,26261,29248,29771
639,0,14317,20128,20128,24757,26347
640,0,10963,27536,27536,28819,17312
641,0,8352,28453,28453,29488,28107
642,0,1702,17214,17214,27541,15656
643,1,2212,25640,28898,25640,26868
644,0,10910,24838,24838,24912,27880
645,0,13039,19104,19104,19424,17969
646,0,6093,23238,23238,19281,26534
647,18,5455,23514,29840,16403,21758
648,0,5148,15462,15462,20099,30001
649,0,7983,18800,18800,15965,16886
650,0,7771,21576,21576,23096,23143
651,0,3426,26740,26740,20453,26399
652,1,1059,15161,15232,15161,15148
653,0,7607,21622,21622,17387,29191
654,0,2252,22461,22461,23632,22349
655,65,7619,19887,19671,15877,20696
656,0,13717,24992,24992,25650,21267
657,0,3489,16186,16186,20445,23001
658,0,3609,23068,23068,18293,21948
659,0,12166,19114,19114,15472,19280
660,0,5963,21320,21320,21662,22459
661,0,7274,17903,17903,23411,15871
662,0,9191,22781,22781,19509,22389
663,0,6149,26144,26144,20583,24056
664,3,4740,25055,26328,25312,21347
665,0,5685,19827,19827,28204,20349
666,6,4163,19850,15675,15784,23063
667,0,2291,17065,17065,30335,18928
668,0,12404,27497,27497,24696,26167
669,0,7590,28603,28603,29447,29028
670,0,14419,25207,25207,25208,24296
671,0,10284,24156,24156,25304,23855
672,7,2836,18631,21739,23523,28603
673,2,11399,26613,28824,25129,26613
674,4,14055,23293,17629,18005,20725
675,0,2459,25577,25577,24849,21906
676,0,8383,19627,19627,18281,16221
677,0,9146,15532,15532,22039,22395
678,0,4804,25915,25915,27023,21022
679,0,4766,24365,24365,18365,29914
680,0,9678,19527,19527,18683,18483
681,0,14100,14978,14978,17834,20724
682,73,3154,25097,27841,15053,27945
683,0,11361,18908,18908,22223,20768
684,0,6582,24529,24529,28229,25494
685,0,1688,16139,16139,19016,18718
686,0,8282,21130,21130,16655,17871
687,0,13430,25964,25964,22459,26926
688,0,13215,29113,29113,24598,24599
689,1,3789,23239,19926,23239,23635
690,0,6794,23621,23621,18844,20412
691,0,4510,17387,17387,21622,20059
692,0,9775,24815,24815,24635,24787
693,1,10245,27660,26498,27660,25815
694,1,9373,25728,22423,25728,29555
695,7,5189,22870,23165,30198,30333
696,53,4320,18313,19841,16886,15967
697,239,4026,25203,29578,29370,19671
698,10,2292,15675,16747,22687,29673
699,5,2078,26072,28280,27191,29246
700,0,7427,19715,19715,20916,22389
701,0,12785,26852,26852,23993,25519
702,113,7253,28874,24380,30038,30086
703,10,3125,16747,27803,18851,21868
704,0,9449,26788,26788,24635,24421
705,4,9904,25939,28229,29285,25494
706,40,10835,24349,26966,30318,24031
707,0,1285,21892,21892,19720,16251
708,0,5191,29392,29392,29381,29105
709,0,14753,29922,29922,24936,18998
710,0,5958,19869,19869,16275,15634
711,0,4846,27491,27491,25236,29069
712,0,2518,18982,18982,17154,22713
713,1,10518,27324,27809,27324,24925
714,0,7407,18771,18771,16251,17324
715,0,5034,24769,24769,23683,19069
716,0,2254,15253,15253,15164,19912
717,0,14594,25955,25955,23494,20511
718,1,739,25365,25213,25365,25256
719,0,14002,25907,25907,14962,24912
720,0,2386,26599,26599,29078,28448
721,0,10654,24057,24057,23855,26240
722,0,3629,17709,17709,16199,16507
723,0,9960,16739,16739,26314,15172
724,0,14648,30163,30163,27775,29645
725,0,10148,27695,27695,25342,29113
726,1,8635,26139,25720,26139,26309
727,0,3607,18101,18101,23469,27758
728,0,11258,19519,19519,19284,19516
729,0,11046,26549,26549,27014,26614
730,0,296,27362,27362,27391,25955
731,0,14281,25214,25214,28510,25220
732,6,2650,29107,27191,27660,26498
733,2,11006,24652,15232,27034,24652
734,20,7883,29555,24961,28626,26534
735,0,7111,28858,28858,29387,18968
736,33,2946,28363,29138,29370,25886
737,1,10531,22611,21340,22611,22049
738,0,1928,16758,16758,22312,19376
739,0,6763,23096,23096,23131,20349
740,0,4497,25197,25197,29481,29668
741,0,11669,24925,24925,18264,25342
742,1,4221,30132,30111,30132,28875
743,0,7012,24444,24444,26073,27311
744,6,13350,22113,20302,26674,27520
745,0,10665,22253,22253,29673,23333
746,0,2858,27088,27088,26712,27011
747,0,3281,22004,22004,23432,15969
748,0,3652,23474,23474,22012,15675
749,0,3662,26697,26697,24228,23772
750,0,13930,15435,15435,21834,17629
751,0,6601,29086,29086,27201,27757
752,0,3813,25856,25856,28354,27102
753,4,10958,21376,21794,30279,21328
754,1,11953,21935,29645,21935,21338
755,0,9272,21039,21039,23392,29370
756,114,2356,28760,25322,27524,26013
757,0,8406,15787,15787,16272,23129
758,0,10918,22575,22575,21353,17312
759,1,2221,19396,16273,19396,27868
760,1,8639,23683,14960,23683,24769
761,1,13104,27617,26601,27617,27363
762,0,8679,25130,25130,25232,27739
763,1,2158,28000,15072,28000,28442
764,0,11107,15129,15129,23952,24504
765,2,7440,22422,22847,19986,22422
766,1,8087,24341,21742,24341,25722
767,0,12279,20825,20825,22474,20286
768,7,7494,24421,26788,27865,24635
769,0,2353,14984,14984,28327,28625
770,0,2888,24216,24216,27390,23068
771,11,13173,15151,29373,25794,25967
772,0,7461,15240,15240,15182,28750
773,11,2955,29060,25287,28819,27801
774,0,4353,15478,15478,19196,20900
775,0,14061,25159,25159,26006,20286
776,0,6892,23288,23288,16596,17937
777,0,12348,23685,23685,22422,19509
778,0,13829,28884,28884,22312,18844
779,0,6366,26223,26223,26292,26966
780,4,5482,15052,19475,19804,22687
781,171,14509,30267,28949,27103,27363
782,10,3105,28346,29517,15230,21156
783,7,8299,19144,21315,18844,23466
784,0,11979,26149,26149,24967,27122
785,0,7891,23063,23063,21495,22422
786,0,11279,18293,18293,23068,18700
787,0,7769,24721,24721,25884,26075
788,0,14165,27980,27980,27708,25650
789,0,14050,28191,28191,14969,29920
790,0,9196,26664,26664,28043,29481
791,0,8831,17376,17376,18025,29471
792,9,5863,23807,26493,24718,24280
793,7,3839,15309,25174,24613,28480
794,0,11029,29802,29802,29809,29771
795,0,2887,20601,20601,16273,17762
796,13,13705,17842,26588,17429,23599
797,0,9193,27002,27002,23883,27544
798,0,1624,25324,25324,30001,25955
799,0,12035,26288,26288,29723,26489
800,0,2909,26794,26794,28947,28214
801,88,7641,22132,19659,24128,18851
802,0,5646,28398,28398,29381,28179
803,2,11327,15321,19376,20279,15321
804,0,10598,23876,23876,25170,27397
805,0,9968,19678,19678,19722,16622
806,0,4926,25659,25659,19849,26049
807,0,2856,29535,29535,29565,29060
808,0,2994,23569,23569,16813,20927
809,0,8044,28304,28304,25551,30324
810,1,4566,20113,22012,20113,23210
811,0,553,24820,24820,25902,28311
812,1,3084,23209,21956,23209,21506
813,0,10046,26690,26690,29481,24657
814,115,2636,24312,28300,22368,16210
815,0,13408,26966,26966,23200,21360
816,0,3913,28312,28312,29409,24847
817,12,14425,21644,22616,23429,22279
818,0,1270,25212,25212,22611,25211
819,0,9629,27424,27424,24923,18608
820,0,9418,25864,25864,19305,25865
821,32,1911,20583,15824,18608,23569
822,10,13659,26255,28877,30101,23738
823,587,5506,20511,22970,28590,24106
824,0,6762,29339,29339,25221,28869
825,7,6372,19804,30254,30153,29291
826,0,14482,25081,25081,26167,27397
827,15,1841,23200,16941,22178,22556
828,0,10162,25156,25156,25798,25755
829,0,4033,19474,19474,18137,19153
830,0,12241,25689,25689,27910,28563
831,12,12496,24380,26817,28874,25551
832,0,8911,23518,23518,20291,17307
833,0,3542,17185,17185,22250,22724
834,0,11789,25311,25311,24912,27122
835,0,8884,18535,18535,22178,15877
836,0,9823,27785,27785,25773,15736
837,64,1069,23310,30240,23550,23426
838,0,10098,17152,17152,22349,22724
839,1,602,15472,16273,15472,19671
840,0,6283,19547,19547,16275,24791
841,0,9348,27872,27872,29392,24902
842,0,12013,15976,15976,16637,19373
843,214,14671,29612,28642,24657,15066
844,26,8677,27895,30347,29044,15232
845,0,10937,20445,20445,21670,23001
846,0,7421,27835,27835,27363,28696
847,0,9210,26399,26399,26740,26489
848,0,10312,27419,27419,18664,28481
849,0,3889,23866,23866,26011,27002
850,0,12916,20072,20072,20250,20110
851,0,5357,19671,19671,15877,22178
852,15,13852,25261,29481,26169,25421
853,0,3972,16242,16242,17332,19153
854,2,11411,24459,24138,27739,24459
855,0,10324,25394,25394,26734,21338
856,19,5979,22705,19024,20522,20146
857,0,10360,19849,19849,16094,18591
858,0,10769,17320,17320,22724,20887
859,0,3623,24107,24107,24106,23072
860,0,12480,16483,16483,18415,20473
861,0,3295,15196,15196,15229,27097
862,0,12322,28863,28863,25026,29663
863,0,4511,24767,24767,28393,26565
864,3,5307,15837,29471,18535,22445
865,0,2305,16199,16199,17387,19619
866,1,3223,15629,15005,15629,16578
867,0,2756,17389,17389,15493,20927
868,4,14332,27066,22312,26601,29555
869,0,12018,23809,23809,23808,27286
870,0,935,27801,27801,27757,28242
871,1,4860,24128,24234,24128,26660
872,0,4754,15543,15543,18892,18535
873,5,13546,24329,27756,28077,28442
874,0,3000,20763,20763,16493,21592
875,0,7644,29606,29606,27307,26793
876,0,5892,25530,25530,25545,27343
877,0,6184,26886,26886,24767,25519
878,2,4096,20514,16220,19887,20514
879,1,8233,21890,18882,21890,16121
880,0,3092,15324,15324,22360,20380
881,0,6041,19000,19000,17266,19619
882,3,11028,20980,29706,21720,23314
883,0,600,20412,20412,18928,21353
884,0,3757,29461,29461,26672,29545
885,0,6438,22012,22012,20113,20863
886,0,10525,25208,25208,24296,25207
887,0,10120,25051,25051,24467,25483
888,0,13939,26522,26522,25068,26536
889,399,13797,29645,29801,29669,28032
890,0,4838,23400,23400,21354,21121
891,1,5904,22265,23636,22265,21720
892,0,13198,28327,28327,26856,28625
893,38,7357,19120,25017,20167,16944
894,0,10717,30111,30111,24442,30038
895,0,7374,21088,21088,18195,18996
896,0,12903,25211,25211,23952,24504
897,0,1359,17962,17962,23057,19642
898,0,7130,15028,15028,15470,24922
899,0,1685,24580,24580,26399,27170
900,0,1816,15854,15854,17387,22357
901,0,472,15003,15003,14969,30267
902,1,10694,29000,25130,29000,29582
903,0,3299,16795,16795,29201,18851
904,0,11011,15342,15342,16264,18301
905,3,8740,27014,15066,24077,23952
906,0,6048,22357,22357,17387,20059
907,0,8361,19596,19596,30335,18928
908,0,6091,18050,18050,17360,20559
909,0,12117,25174,25174,24602,17650
910,1,3667,15203,25846,15203,29873
911,0,12092,27838,27838,23921,24495
912,2,11740,28107,29488,28899,28107
913,0,2802,23550,23550,18915,15722
914,794,14608,20389,28032,25010,27256
915,0,3886,26754,26754,26214,27931
916,0,12919,29669,29669,29801,29374
917,0,14473,25680,25680,28027,20511
918,0,6160,23599,23599,29704,18591
919,0,6697,17194,17194,15321,16655
920,93,4835,20924,28119,24961,20927
921,274,9677,28435,29113,29154,25409
922,0,6237,27809,27809,27324,25342
923,0,10321,28025,28025,27170,28448
924,0,7399,25366,25366,22708,21018
925,0,11821,19736,19736,19850,15803
926,0,2463,27358,27358,26935,29481
927,1,10830,21358,23333,21358,21922
928,0,5511,28696,28696,30324,29420
929,1,13588,29677,29684,29677,22073
930,32,12275,29653,28874,29640,29639
931,0,9558,23701,23701,16528,15890
932,5,9640,16516,20407,19217,21191
933,0,6722,29771,29771,29633,23859
934,0,10669,29012,29012,18968,29381
935,0,4403,19153,19153,19474,19915
936,0,9593,22935,22935,28169,26083
937,0,12287,29248,29248,26261,28674
938,0,7011,29291,29291,22970,28912
939,1,9107,18700,20916,18700,19449
940,0,9964,27070,27070,27311,25627
941,635,704,15967,16825,29723,22692
942,0,9567,23405,23405,20382,16493
943,0,13906,27124,27124,27198,24925
944,0,10692,22882,22882,23405,24501
945,78,9610,26006,27307,29300,28819
946,0,3079,27963,27963,25221,29093
947,2,11049,16381,14997,15470,16381
948,0,7937,25499,25499,28628,15072
949,0,11739,21784,21784,22849,21395
950,0,7338,26614,26614,24077,28973
951,0,11957,25010,25010,24175,29454
952,0,11812,22001,22001,18819,22724
953,0,5095,25628,25628,27406,24628
954,32,3332,28510,30240,27363,24684
955,35,4485,19305,22357,17387,17185
956,0,8934,16391,16391,22039,17629
957,1,1227,15627,29064,15627,16528
958,0,5893,23496,23496,22593,22818
959,0,1513,29574,29574,26708,27201
960,0,366,22136,22136,28949,19083
961,1,3307,14960,28238,14960,25654
962,0,8745,23563,23563,29568,29578
963,0,1384,28204,28204,29653,24071
964,0,12027,18996,18996,21088,16306
965,0,14426,26438,26438,22032,26223
966,0,2669,28626,28626,27019,25545
967,0,2369,21741,21741,20081,30214
968,0,11365,27427,27427,28350,27724
969,18,11933,27479,28361,28549,24071
970,0,11854,25322,25322,25654,29481
971,0,7690,29742,29742,27311,29011
972,0,11919,29468,29468,25461,22885
973,0,7022,15969,15969,23582,20448
974,0,4781,27107,27107,26740,25736
975,0,8644,29447,29447,29484,26738
976,0,1256,28914,28914,28684,29093
977,0,10036,25298,25298,25861,26888
978,0,6976,28374,28374,29381,25627
979,0,11099,26923,26923,24979,22032
980,0,1824,19079,19079,17709,24462
981,0,14836,26583,26583,26339,15930
982,1,8326,24754,26703,24754,24856
983,5,5998,18108,21868,17291,17028
984,0,2947,16903,16903,18440,17387
985,1,13561,21191,19217,21191,16516
986,0,9283,19642,19642,29380,22594
987,0,5677,20809,20809,22993,22931
988,0,13261,29801,29801,28032,30146
989,0,868,18915,18915,15722,23550
990,0,8942,29044,29044,25097,28053
991,0,1662,29869,29869,29704,29848
992,0,9355,30005,30005,29930,29968
993,1,13501,25865,25864,25865,16387
994,0,6838,19720,19720,19396,15107
995,1,2475,19490,24849,19490,19676
996,0,5713,19310,19310,21758,23466
997,74,12788,28460,25261,25113,25203
998,1,6236,17848,23703,17848,22136
999,1,7679,15886,20701,15886,21689
1000,0,8561,17718,17718,25807,22422
1001,2,11216,24544,24449,27922,24544
1002,29,3548,19879,20167,24060,23143
1003,404,11552,23215,18313,21596,26314
1004,1,2897,28563,27957,28563,24886
1005,0,8846,21036,21036,22912,18015
1006,13,210,22862,15725,16381,20292
1007,0,6250,29756,29756,24607,27382
1008,0,109,21456,21456,22237,24456
1009,0,7219,25335,25335,22132,25589
1010,464,13897,26963,21118,25502,25917
1011,0,6761,28448,28448,28156,28486
1012,0,14245,30115,30115,24175,26817
1013,8,11759,16724,19516,19284,16387
1014,0,464,29639,29639,29633,29640
1015,3,5993,20250,22389,27766,19715
1016,664,14748,28175,18320,21212,26840
1017,0,1625,27489,27489,26252,28654
1018,0,8992,25089,25089,18631,20279
1019,2,13693,26346,27594,26935,26346
1020,1,7483,15634,18015,15634,22912
1021,0,12515,22523,22523,19918,28215
1022,456,13007,28625,28553,15147,15182
1023,9,13178,28194,24380,30086,30038
1024,1,6143,28229,29302,28229,24529
1025,2,7119,21773,22395,19888,21773
1026,0,11283,25616,25616,24652,27507
1027,0,6453,20909,20909,15803,20164
1028,92,6286,27703,28760,22485,24431
1029,0,5343,21670,21670,22026,20445
1030,5,13517,28670,27053,25200,24598
1031,25,8468,29064,26599,27757,27406
1032,0,10359,25013,25013,29453,25856
1033,1,9849,24025,23883,24025,28443
1034,0,8314,21592,21592,17476,20324
1035,0,1988,15793,15793,18904,22796
1036,6,13685,25338,26220,25849,23807
1037,0,11861,25418,25418,25898,26602
1038,0,7075,17170,17170,18365,19490
1039,0,6375,24029,24029,29495,25644
1040,0,8832,28383,28383,16095,26148
1041,0,13815,25861,25861,25298,26888
1042,0,3921,16496,16496,16221,16105
1043,0,7232,28300,28300,29066,27168
1044,0,26,16529,16529,20800,22724
1045,0,4398,24351,24351,25859,24226
1046,0,13101,18867,18867,21117,26553
1047,2,11627,29488,24727,24214,29488
1048,0,10186,27019,27019,25055,25264
1049,1,6334,19304,21750,19304,18987
1050,35,12680,28393,21118,29481,17442
1051,0,12264,25233,25233,25768,25817
1052,13,10919,17464,17848,22928,29673
1053,3,4719,22800,21739,23523,28603
1054,0,12706,29844,29844,21395,29907
1055,0,767,29093,29093,28684,25221
1056,0,2786,28275,28275,26235,29706
1057,2,5708,29069,27835,29495,29069
1058,0,9685,23137,23137,15803,23582
1059,0,7417,19790,19790,22339,15967
1060,0,7448,23001,23001,22581,16898
1061,0,10913,27987,27987,25216,25817
1062,1,10895,25755,26983,25755,25794
1063,0,11458,22929,22929,18844,20232
1064,1,216,15078,15151,15078,26314
1065,0,412,23317,23317,29742,20392
1066,51,13026,23411,29566,19490,16622
1067,0,11106,25691,25691,26867,23514
1068,0,12371,23835,23835,29486,24590
1069,0,8079,30093,30093,25551,28077
1070,3,8353,24032,26160,28353,29481
1071,0,3083,15197,15197,28572,30287
1072,9,4807,25736,28374,29387,27104
1073,1,7800,28947,24544,28947,27922
1074,0,8372,27201,27201,21889,28528
1075,0,13819,25875,25875,24767,26565
1076,0,6287,17007,17007,22485,19284
1077,0,4414,24102,24102,25053,24985
1078,0,12921,27851,27851,22849,29113
1079,0,3354,24847,24847,25627,29028
1080,0,6768,29545,29545,29052,24315
1081,0,2683,22360,22360,19547,15324
1082,0,5016,18874,18874,22411,23178
1083,1,9071,23636,22265,23636,20924
1084,146,5174,20814,18928,30335,21626
1085,0,13676,23060,23060,26638,29907
1086,1,13793,27826,24701,27826,25337
1087,1,9302,24332,25849,24332,27885
1088,0,3610,29588,29588,28325,29191
1089,0,5882,23182,23182,19172,15107
1090,0,2988,26136,26136,27713,27166
1091,0,13787,28091,28091,23978,28570
1092,0,551,19680,19680,17476,21592
1093,0,11493,19708,19708,20043,21948
1094,0,8444,28929,28929,25627,29381
1095,0,1755,28325,28325,24886,25530
1096,0,12770,25634,25634,23964,19434
1097,0,3756,20015,20015,19059,16795
1098,170,2179,24783,22472,24431,18313
1099,0,14294,28687,28687,24698,20557
1100,0,8878,29706,29706,29153,23314
1101,0,14785,26536,26536,23759,27039
1102,1,4851,21406,17780,21406,21868
1103,0,11319,16636,16636,20412,19376
1104,0,8017,24628,24628,25627,28636
1105,0,7431,29011,29011,28374,26866
1106,5,1273,26674,29138,24599,27796
1107,2,1889,23099,23514,17028,23099
1108,0,3151,29380,29380,28169,27589
1109,0,14894,29817,29817,21152,27788
1110,838,5842,28056,17007,29263,24590
1111,0,8728,17580,17580,21342,28074
1112,7,8788,20146,18844,21315,21758
1113,26,5392,17650,17332,26755,22970
1114,18,10997,18844,23474,19898,19596
1115,0,11584,25026,25026,17834,27391
1116,4,1179,24886,15053,15052,27841
1117,0,896,29005,29005,29392,25507
1118,0,4882,25798,25798,24226,26690
1119,0,4316,27544,27544,23883,24025
1120,0,8937,26873,26873,27170,27167
1121,0,9963,19449,19449,21899,16786
1122,0,6645,19643,19643,19519,23057
1123,0,7742,29026,29026,24111,26844
1124,1,11189,17619,18348,17619,16622
1125,0,579,16809,16809,16555,20749
1126,0,2467,22178,22178,19671,20696
1127,0,7295,25161,25161,25959,16268
1128,0,12889,20382,20382,16493,20763
1129,0,8921,28705,28705,29553,27167
1130,1,11413,19909,22597,19909,22178
1131,0,1445,29216,29216,15321,24032
1132,0,1589,17332,17332,15976,18771
1133,0,8124,24377,24377,23759,26536
1134,3,10183,22349,16747,22213,21920
1135,1,1529,24637,25870,24637,26806
1136,3,2635,29582,25232,25130,24936
1137,0,7875,20551,20551,17161,22237
1138,0,2439,20292,20292,15725,16381
1139,0,1477,20067,20067,21070,28328
1140,0,9399,27500,27500,23993,25017
1141,0,8525,27651,27651,27311,26599
1142,321,7060,24884,22848,21118,16258
1143,0,13367,29920,29920,18998,22466
1144,0,13344,23837,23837,24814,23928
1145,0,8175,22692,22692,16825,19468
1146,0,9268,29147,29147,15475,19434
1147,0,4312,26083,26083,26073,27891
1148,0,5945,22530,22530,21328,17367
1149,0,903,21506,21506,15614,20927
1150,0,668,18365,18365,24365,29914
1151,0,5436,23804,23804,19850,24767
1152,0,12303,25342,25342,28128,26840
1153,0,9354,30247,30247,18195,30292
1154,0,7977,25725,25725,20250,26144
1155,0,3016,23103,23103,17741,15793
1156,0,5959,25164,25164,27489,23173
1157,0,9313,29790,29790,30146,24707
1158,0,2726,21163,21163,19010,20292
1159,0,399,23057,23057,18982,16528
1160,0,10475,25645,25645,27393,23432
1161,0,304,28982,28982,25311,26138
1162,4,8856,23429,21358,23703,17848
1163,1,836,23538,17577,23538,27880
1164,0,12860,28842,28842,24326,27249
1165,0,7388,24851,24851,27373,25736
1166,0,12970,24328,24328,25046,24384
1167,0,12246,18589,18589,17779,20232
1168,0,5236,25121,25121,19909,28103
1169,0,13366,27464,27464,25798,25161
1170,0,7163,29310,29310,25942,25627
1171,0,7078,16272,16272,16028,21130
1172,0,12283,27739,27739,25130,28771
1173,0,11351,27249,27249,29113,28842
1174,3,2540,17053,23165,30333,30198
1175,65,3098,20553,15614,23200,22497
1176,0,7900,27905,27905,24550,29948
1177,0,8948,29095,29095,28443,20666
1178,0,601,26165,26165,29012,28374
1179,0,5996,18717,18717,17360,18050
1180,1,8216,24664,25304,24664,24156
1181,0,2859,25699,25699,20128,23375
1182,0,4730,22656,22656,17037,22594
1183,0,4329,28676,28676,24795,28435
1184,0,2567,21366,21366,18023,21522
1185,2,1365,30121,27761,15411,30121
1186,3,1781,27891,27379,26992,25983
1187,13,6056,21267,22213,23632,19888
1188,0,1843,21834,21834,15435,29852
1189,1,12675,25409,26504,25409,28626
1190,0,5072,24027,24027,24930,28684
1191,0,3633,24910,24910,30277,29447
1192,0,11536,27775,27775,30163,26734
1193,7,8390,28969,28819,24910,26348
1194,1,7676,25794,29373,25794,28128
1195,1,14478,26935,27594,26935,26346
1196,0,10515,24902,24902,25287,21889
1197,0,14517,26606,26606,26549,24077
1198,0,4286,18819,18819,20920,22796
1199,0,5960,27541,27541,17214,27166
1200,0,4479,16688,16688,16983,20059
1201,0,94,26058,26058,25690,27801
1202,0,6356,23251,23251,22597,27911
1203,0,7445,26981,26981,27363,24684
1204,0,10146,24449,24449,28091,27851
1205,0,2175,18301,18301,16619,20043
1206,13,13875,27283,21456,19322,28760
1207,0,5961,20768,20768,26965,21597
1208,0,4105,20762,20762,24849,17962
1209,0,3209,29328,29328,29093,27963
1210,218,10773,19107,15828,20888,22593
1211,0,11910,17328,17328,15313,18889
1212,1,8196,21626,30287,21626,24071
1213,666,14381,26676,18320,25342,22848
1214,0,5337,29761,29761,29735,29730
1215,0,2715,28117,28117,29392,27307
1216,0,96,15006,15006,15470,14960
1217,0,5087,29152,29152,25645,23432
1218,2,7861,21750,17780,21406,21750
1219,0,12753,23170,23170,16483,18015
1220,0,5865,25447,25447,24359,27695
1221,3,8037,24228,25342,28128,26840
1222,9,11282,29366,19120,18844,21152
1223,0,13010,28350,28350,26133,29481
1224,0,3222,30099,30099,15072,18483
1225,2,11733,24979,28009,28591,24979
1226,0,4037,15127,15127,28096,28056
1227,0,2983,26240,26240,20938,18625
1228,0,12992,29795,29795,29370,29203
1229,0,6153,22452,22452,17762,17569
1230,0,11426,20111,20111,18407,20023
1231,87,522,30240,22970,18819,29429
1232,2,7654,28053,24504,25409,28053
1233,1,14606,25046,25959,25046,25754
1234,0,12024,20232,20232,19770,29154
1235,4,6526,19424,17969,15374,19104
1236,1,9546,17302,18087,17302,17161
1237,1,6098,27404,26754,27404,26214
1238,0,12386,25285,25285,26601,25903
1239,0,2940,23650,23650,22773,23383
1240,0,1147,19172,19172,22177,15107
1241,0,8883,24412,24412,24413,25659
1242,10,10047,15230,28563,27957,24886
1243,313,13100,24896,27440,15206,15098
1244,171,9476,23557,22178,22594,28361
1245,0,12982,23830,23830,20127,26613
1246,0,6588,22049,22049,21340,15767
1247,0,11100,29146,29146,27167,28760
1248,1,4444,27126,23588,27126,24968
1249,0,5729,21022,21022,25915,30328
1250,0,9125,16094,16094,23900,15563
1251,0,2288,20311,20311,16264,19396
1252,0,5586,22089,22089,21651,20033
1253,0,2171,27827,27827,28636,25627
1254,7,3377,27255,24910,26348,27835
1255,5,4055,28080,25287,29484,29381
1256,787,6345,23261,25203,27283,28949
1257,0,11109,21340,21340,30274,16292
1258,0,8923,28276,28276,28194,26255
1259,0,11964,24589,24589,28435,25084
1260,0,3205,26108,26108,29060,26740
1261,1,11290,29381,28242,29381,27801
1262,0,14447,29833,29833,19177,28363
1263,1,13177,27373,27167,27373,29848
1264,0,6460,24588,24588,27910,28481
1265,0,14506,29812,29812,26954,25883
1266,0,12678,15213,15213,15172,28654
1267,0,7491,22581,22581,23001,20823
1268,0,5154,28722,28722,25236,27491
1269,0,3582,20749,20749,21376,23571
1270,0,6513,26184,26184,24312,27922
1271,3,12945,21134,27390,21395,29844
1272,0,2394,25168,25168,25169,26900
1273,3,7496,18368,22360,15324,19722
1274,29,6853,27880,25502,16258,21212
1275,0,6941,25690,25690,26058,28856
1276,0,149,15687,15687,22765,22445
1277,0,14510,15147,15147,15066,29373
1278,0,5879,22742,22742,21601,21951
1279,0,11040,20652,20652,25723,22070
1280,0,12471,26699,26699,27397,26613
1281,0,11717,26822,26822,28628,24442
1282,129,13285,26170,23215,28973,19841
1283,0,11207,19636,19636,29561,23288
1284,0,1291,26049,26049,25659,19849
1285,0,3155,26311,26311,24076,27778
1286,0,3750,22999,22999,18803,16335
1287,0,2704,25983,25983,26992,27379
1288,20,6115,27731,25311,24504,26966
1289,0,3831,26235,26235,30318,29381
1290,0,7515,18526,18526,22184,17305
1291,0,14808,26392,26392,24756,19879
1292,0,6711,19641,19641,20725,22443
1293,6,10729,14962,29183,23907,20579
1294,0,1479,26934,26934,26933,26585
1295,5,3149,22395,19888,21652,22012
1296,56,2810,22912,18611,22970,18301
1297,0,4563,29680,29680,29248,28547
1298,0,2996,17717,17717,16511,21344
1299,0,12922,22423,22423,25728,20225
1300,0,4020,20724,20724,18313,17197
1301,1,7648,26838,23928,26838,23837
1302,29,8211,27256,15151,15241,15098
1303,0,5652,28135,28135,28305,24684
1304,0,1307,27105,27105,19667,26913
1305,0,12080,16886,16886,18281,20553
1306,0,12490,28009,28009,26223,29481
1307,0,11542,18987,18987,15863,16813
1308,0,955,25236,25236,28722,29381
1309,0,1828,24456,24456,29339,29381
1310,0,2249,15107,15107,19172,19720
1311,5,1634,26450,27682,28480,20958
1312,0,6350,20927,20927,19669,18608
1313,0,7444,27379,27379,26992,25983
1314,0,9897,25656,25656,24030,25889
1315,3,6105,20225,22912,15614,25120
1316,242,6290,27103,26465,25730,26452
1317,0,13322,15229,15229,27097,15196
1318,0,10716,26623,26623,25481,24922
1319,0,192,26490,26490,26381,25409
1320,0,10239,19468,19468,16658,16028
1321,1,1663,28875,30101,28875,15217
1322,0,4139,23554,23554,21652,22012
1323,0,5076,17643,17643,18851,22445
1324,0,12815,29684,29684,29677,29673
1325,0,11394,27445,27445,23636,22265
1326,0,3085,29517,29517,15230,21156
1327,0,1082,19025,19025,20309,18413
1328,0,2445,21395,21395,29844,26966
1329,0,2773,14996,14996,30166,15019
1330,61,13195,28771,28962,25480,25521
1331,0,8478,15475,15475,29147,16207
1332,2,9152,25171,24991,24030,25171
1333,0,13302,24680,24680,26660,24214
1334,0,5722,22081,22081,21731,19475
1335,0,12929,29673,29673,23429,22616
1336,24,10827,28877,30038,24380,30115
1337,0,5927,21933,21933,20242,18606
1338,0,10265,26097,26097,25311,24967
1339,0,3035,27903,27903,25617,24580
1340,0,14138,26059,26059,25031,26308
1341,0,7085,19192,19192,29248,28921
1342,29,186,15206,29873,15147,15182
1343,0,14318,24138,24138,24938,29920
1344,0,11761,25228,25228,24581,23883
1345,0,3064,21635,21635,18608,16274
1346,0,5284,16941,16941,18851,17629
1347,1,9894,23072,30320,23072,22006
1348,0,6954,27708,27708,27980,25417
1349,0,920,24368,24368,25338,27885
1350,0,937,29153,29153,29706,28219
1351,2,2702,25084,29578,19671,25084
1352,0,2206,22302,22302,17305,20601
1353,0,10500,19373,19373,16637,22431
1354,3,8235,21495,20522,15675,23063
1355,0,10240,24174,24174,28553,26622
1356,0,13510,24987,24987,28450,23845
1357,0,102,29888,29888,23652,27167
1358,0,9362,19780,19780,18025,22072
1359,0,5669,17476,17476,19680,21592
1360,0,7269,22613,22613,15656,19827
1361,55,4235,27669,28760,26465,25097
1362,0,6028,24787,24787,24363,28086
1363,0,7261,22966,22966,18293,27492
1364,6,3224,30153,25342,26840,27010
1365,0,10887,22430,22430,20342,15582
1366,30,1267,19841,29603,18987,22970
1367,0,8850,25496,25496,27166,27931
1368,0,8021,27390,27390,23279,28350
1369,0,9858,19669,19669,20927,23104
1370,0,5924,16596,16596,27835,27363
1371,0,14073,26167,26167,25865,15831
1372,2,2214,17780,20511,21406,17780
1373,0,2566,21522,21522,21366,18023
1374,0,7612,29028,29028,24607,29381
1375,0,2026,24477,24477,25939,26006
1376,0,4171,21389,21389,19281,20981
1377,0,650,21226,21226,29441,15656
1378,0,8387,28150,28150,18052,29544
1379,0,14081,28404,28404,26855,24598
1380,1,10010,24408,29049,24408,27851
1381,0,722,15280,15280,22357,21879
1382,0,9317,27704,27704,27911,25017
1383,0,4829,22006,22006,16755,23072
1384,0,3112,26969,26969,25342,27010
1385,9,511,22213,19144,21495,19067
1386,7,1131,19330,19215,18005,15563
1387,0,14187,15352,15352,20127,22368
1388,9,13998,25521,15084,25101,29373
1389,1,14733,26148,29202,26148,15148
1390,0,5055,30031,30031,29948,29958
1391,0,8149,21052,21052,29708,15324
1392,3,8848,22593,25120,15614,22912
1393,0,6496,17937,17937,22445,29154
1394,0,10309,26734,26734,25394,21338
1395,0,14660,15180,15180,26674,27520
1396,0,14672,26106,26106,25587,17643
1397,1,10414,29138,27524,29138,25753
1398,0,4238,27646,27646,27406,29484
1399,0,12159,22443,22443,16700,18987
1400,0,13340,28214,28214,24544,26794
1401,0,12592,19253,19253,22593,19600
1402,0,1412,25623,25623,26746,23993
1403,122,14664,26534,19111,24757,26347
1404,0,5771,28712,28712,27325,27406
1405,0,12718,18927,18927,17197,29420
1406,0,2375,21879,21879,15656,26763
1407,3,12072,26900,27939,26690,24657
1408,0,9765,26738,26738,27694,27034
1409,0,11760,24581,24581,25228,23883
1410,0,7860,18590,18590,26058,17943
1411,0,5672,19516,19516,18511,22302
1412,1,4175,30254,28987,30254,25644
1413,0,9257,28921,28921,19192,27977
1414,0,9078,27440,27440,15206,26613
1415,0,3201,20300,20300,22724,22346
1416,0,3887,17762,17762,20924,22489
1417,0,2796,21315,21315,22237,19067
1418,0,11538,27713,27713,29532,27025
1419,0,7493,28005,28005,15309,27545
1420,0,10256,23499,23499,23293,21784
1421,0,2010,28824,28824,17697,25170
1422,0,10376,26933,26933,26934,26585
1423,0,9384,20453,20453,27363,30319
1424,0,1543,27761,27761,28628,30093
1425,401,4768,20473,20448,18301,20232
1426,149,1319,19067,16886,21956,19281
1427,1,4116,28280,29246,28280,27191
1428,0,10731,24495,24495,23921,24467
1429,4,8746,29420,27589,25886,28973
1430,569,7609,29566,24175,30038,24380
1431,0,11194,22026,22026,21670,20389
1432,0,12491,22459,22459,21320,25964
1433,0,5477,27325,27325,26965,24029
1434,20,4009,30320,30292,30166,25203
1435,3,12091,29285,26622,29302,25494
1436,0,13046,30146,30146,16434,18608
1437,0,10437,19314,19314,19284,15373
1438,0,11438,16275,16275,19376,19284
1439,0,136,26355,26355,15363,29495
1440,97,771,27167,23588,27126,28987
1441,0,13579,25817,25817,25233,25216
1442,504,12455,15736,21389,23238,20863
1443,1,9349,29066,28300,29066,28195
1444,0,10854,29819,29819,19177,26522
1445,4,12254,28679,24384,24328,25046
1446,0,9711,28103,28103,25121,19909
1447,0,7122,20590,20590,17523,26403
1448,74,441,27385,29517,15230,25017
1449,23,9895,21725,25488,22970,24071
1450,0,11589,17307,17307,22540,15280
1451,1,10617,24985,24579,24985,27097
1452,0,9145,26073,26073,29484,28705
1453,0,7413,15363,15363,26355,18982
1454,0,12614,25155,25155,24749,28393
1455,0,3849,24026,24026,26479,28685
1456,34,9499,21212,16886,23772,20904
1457,1,4429,24891,29366,24891,26935
1458,2,12368,29302,25138,29285,29302
1459,0,1426,30006,30006,29958,24927
1460,0,617,18629,18629,19192,29147
1461,0,5686,16012,16012,26073,27891
1462,0,2691,29708,29708,21052,23297
1463,0,153,22389,22389,30274,17762
1464,0,6544,28948,28948,29203,28246
1465,5,7405,28750,25815,27660,26498
1466,0,8607,25617,25617,21152,27911
1467,0,1106,29553,29553,17411,29381
1468,0,12196,16025,16025,17170,22461
1469,502,5298,22460,23623,16121,18591
1470,150,12687,20109,21644,22279,15624
1471,0,11639,22533,22533,28987,23588
1472,3,4476,27824,15054,15215,15151
1473,0,7371,20059,20059,22357,15854
1474,0,12731,17615,17615,22705,22593
1475,0,9675,20164,20164,24851,23466
1476,0,11503,15122,15122,25170,25955
1477,0,4791,15740,15740,21001,20551
1478,0,4052,24175,24175,28115,30038
1479,1,6421,19734,22132,19734,23357
1480,5,12868,28077,30132,30111,24329
1481,0,2629,29704,29704,29869,27070
1482,0,1581,29409,29409,28312,29495
1483,18,9952,21353,22223,19215,18005
1484,410,2393,15215,22970,22538,30240
1485,0,12636,26208,26208,27256,28553
1486,0,3412,25481,25481,26623,23845
1487,0,894,22710,22710,20023,17619
1488,25,7455,29318,30038,28115,27977
1489,0,7757,27931,27931,26672,21229
1490,0,4524,23165,23165,30333,30198
1491,0,13996,26746,26746,25623,23993
1492,0,3726,28473,28473,27842,25496
1493,0,3117,28027,28027,26133,25680
1494,1,9463,19040,22355,19040,20924
1495,0,12838,27196,27196,24476,27589
1496,0,10082,16192,16192,28464,15890
1497,2,12542,22293,23650,18586,22293
1498,0,6982,15746,15746,15725,16381
1499,0,7898,25206,25206,29209,29484
1500,0,2956,20747,20747,30319,22485
1501,0,1789,18415,18415,16483,19549
1502,1,12040,18023,21366,18023,21522
1503,0,9394,22300,22300,17154,16335
1504,0,11784,19600,19600,18932,22431
1505,3,5514,26177,24369,25854,26602
1506,1,12501,26961,15140,26961,25349
1507,18,6833,22848,16251,20511,17028
1508,0,8938,17316,17316,25860,26079
1509,2,5849,27756,28442,30064,27756
1510,0,3561,29484,29484,25206,28482
1511,0,7680,15850,15850,20609,18683
1512,0,4828,30292,30292,30166,25203
1513,0,3567,18932,18932,23297,21794
1514,0,13572,25079,25079,26513,25530
1515,0,9749,24947,24947,24031,24767
1516,0,13824,24991,24991,24030,28175
1517,0,2911,28466,28466,25364,26601
1518,0,2580,24707,24707,29662,28032
1519,0,13526,20001,20001,18882,22422
1520,0,11441,23970,23970,17638,24175
1521,0,6502,16655,16655,15280,16039
1522,0,1056,29252,29252,24851,26235
1523,0,14860,24922,24922,28875,26255
1524,0,11287,30272,30272,28949,24856
1525,0,9762,28394,28394,16758,25663
1526,0,14018,21889,21889,23103,23094
1527,0,1282,23297,23297,26288,18932
1528,0,4298,18683,18683,19527,30066
1529,9,9824,17181,15827,26886,19736
1530,2,12164,28509,27788,26900,28509
1531,0,1570,21920,21920,22213,29840
1532,0,11642,19138,19138,23001,16898
1533,0,5420,26500,26500,22954,24872
1534,5,11456,15499,18576,20707,19284
1535,0,11873,25376,25376,27682,29481
1536,0,13228,24422,24422,18348,17619
1537,3,9281,24504,25409,25755,29154
1538,0,10497,29532,29532,27713,28007
1539,688,13789,25527,30240,19981,18575
1540,50,7610,20888,16095,18882,15499
1541,69,8046,26314,30240,27280,22538
1542,0,11339,16105,16105,16306,18914
1543,0,2374,15533,15533,17411,23701
1544,0,2747,26977,26977,25394,21338
1545,0,13151,26147,26147,21338,30272
1546,0,10988,28071,28071,22895,15624
1547,0,2218,24571,24571,27325,27311
1548,0,7500,20040,20040,16619,18301
1549,0,4472,16274,16274,20814,19107
1550,0,12097,24177,24177,25502,25369
1551,200,1022,19659,16094,30335,19107
1552,0,6131,23525,23525,20526,20043
1553,1,7965,26390,27694,26390,27034
1554,0,10319,27166,27166,26250,26655
1555,0,10007,27842,27842,28155,26165
1556,0,6306,18998,18998,20296,19475
1557,1,607,22411,15725,22411,16381
1558,0,12690,26513,26513,25079,25250
1559,0,14154,28354,28354,25856,27102
1560,0,1568,15389,15389,17871,15767
1561,54,5965,17442,30328,22346,19304
1562,0,14115,15930,15930,26339,24856
1563,0,746,21556,21556,18645,28215
1564,0,5811,25903,25903,25497,29486
1565,0,10169,29533,29533,25983,28074
1566,0,12625,26021,26021,26565,28393
1567,0,11489,25421,25421,24754,25755
1568,15,3021,26868,28825,29154,29578
1569,27,4240,24602,26054,24804,29420
1570,0,6384,16507,16507,22862,19578
1571,0,575,15673,15673,15894,15443
1572,6,5140,26806,15127,28056,28096
1573,1,14089,29662,24707,29662,24610
1574,0,8504,29374,29374,29669,29662
1575,7,9118,30134,30327,17467,18342
1576,0,8611,24232,24232,25534,24501
1577,0,1902,16743,16743,17777,18987
1578,1,13792,27010,29612,27010,28363
1579,0,1530,30166,30166,30287,21652
1580,27,1290,25349,24900,16642,14978
1581,0,10164,20392,20392,22639,20232
1582,0,6678,28791,28791,25627,26793
1583,0,8997,26153,26153,23916,27496
1584,0,3691,16028,16028,22773,20043
1585,0,11104,19924,19924,18005,20040
1586,0,10209,16813,16813,25120,23632
1587,0,3453,22931,22931,18256,22993
1588,37,6259,30287,23165,29138,17028
1589,10,3148,30198,23165,30327,24657
1590,0,9571,29958,29958,29948,30031
1591,6,8226,29861,20300,15673,19304
1592,0,8166,19626,19626,15443,15673
1593,0,3296,25053,25053,24102,20225
1594,0,2908,15803,15803,19736,20909
1595,0,4560,22346,22346,29201,17152
1596,0,12158,24050,24050,26169,23807
1597,0,12896,22480,22480,18882,20511
1598,0,941,22905,22905,21659,27545
1599,0,451,29681,29681,29268,21935
1600,0,3460,29441,29441,26289,27536
1601,0,10033,29903,29903,21144,28473
1602,0,3356,18068,18068,22847,19986
1603,0,554,19179,19179,22602,19636
1604,0,12405,24234,24234,26674,27520
1605,326,3469,19341,17161,30327,18342
1606,0,6114,28825,28825,27025,29069
1607,0,5901,27192,27192,28425,28636
1608,0,7737,28097,28097,26844,24027
1609,0,4801,20012,20012,18908,18052
1610,0,5873,28238,28238,30136,14960
1611,0,7947,19501,19501,19850,19736
1612,0,3656,30327,30327,16261,30134
1613,0,12089,16402,16402,22178,26534
1614,0,8344,26965,26965,27325,28538
1615,0,10501,30101,30101,28276,28875
1616,0,12520,24940,24940,25595,23804
1617,1,7840,15250,16275,15250,16650
1618,0,3771,25215,25215,23554,26852
1619,467,13201,16220,20128,27288,22970
1620,3,911,19475,20412,18576,18015
1621,0,1858,17371,17371,26314,27895
1622,85,865,25101,24481,24767,16324
1623,0,5221,26653,26653,28665,28919
1624,0,5442,29578,29578,25683,25285
1625,0,13483,16794,16794,18361,17194
1626,0,11450,21543,21543,19281,23623
1627,1,9033,23582,18301,23582,20448
1628,0,3699,17005,17005,15107,19040
1629,0,11266,22072,22072,22838,22253
1630,33,10412,16387,22328,20747,22422
1631,0,3721,21458,21458,22724,16622
1632,0,2548,22301,22301,26450,17431
1633,0,4387,27841,27841,15053,27945
1634,0,2490,24880,24880,23993,25017
1635,0,18,22818,22818,25840,22656
1636,0,10160,17377,17377,17709,19654
1637,0,5360,24253,24253,21422,27397
1638,0,4971,24467,24467,24495,23921
1639,0,9323,18882,18882,19376,18087
1640,0,12797,19303,19303,27972,15793
1641,0,1885,27075,27075,25934,26821
1642,0,8027,21882,21882,18892,19284
1643,0,2818,27677,27677,29488,28107
1644,0,12973,27972,27972,25311,27221
1645,0,8552,28721,28721,28384,25308
1646,0,11555,15249,15249,27475,28346
1647,0,1405,19952,19952,22639,24775
1648,56,6911,22948,17516,19841,19804
1649,0,10876,19022,19022,23469,27758
1650,0,3902,22993,22993,18108,20224
1651,18,13199,16340,21892,21835,20012
1652,0,10091,18991,18991,15673,16853
1653,0,13081,28718,28718,27011,22626
1654,0,7460,21344,21344,23099,16511
1655,0,4436,20664,20664,18608,15634
1656,0,7083,25846,25846,15180,15203
1657,2,7198,19284,19659,24128,19284
1658,0,9383,23392,23392,27880,17577
1659,0,12531,23943,23943,27039,28509
1660,8,12711,25220,25730,29680,27898
1661,0,8519,29203,29203,28948,28972
1662,1266,11980,26602,15182,15151,28553
1663,0,1848,26867,26867,25691,27865
1664,0,11285,27610,27610,24858,27880
1665,260,11724,27852,25264,25728,29848
1666,0,10893,21148,21148,19556,20725
1667,0,9974,17154,17154,20291,16335
1668,2,1388,15053,27945,26703,15053
1669,0,8703,26630,26630,28771,27397
1670,0,2274,19376,19376,17028,18928
1671,0,4246,19185,19185,20224,22472
1672,0,1021,19915,19915,16242,19153
1673,0,1817,18677,18677,21735,25366
1674,0,4076,29387,29387,28858,18968
1675,0,1110,29565,29565,28684,27404
1676,0,8621,15582,15582,20342,22430
1677,0,12242,18256,18256,16545,22931
1678,0,8120,15979,15979,19676,19205
1679,0,1906,23777,23777,22538,25017
1680,2,14300,24296,24884,25208,24296
1681,0,9976,19578,19578,16507,27730
1682,0,6381,25519,25519,26746,25017
1683,0,13306,20324,20324,21592,17476
1684,0,6962,29403,29403,24315,29725
1685,36,5054,28048,29302,25494,29285
1686,0,1362,25138,25138,25494,29285
1687,0,11478,22489,22489,20127,21521
1688,0,7048,23921,23921,24495,27838
1689,1,6759,27524,29468,27524,25461
1690,0,12713,25515,25515,27445,22265
1691,0,11889,25304,25304,24156,24664
1692,1,6380,21617,21868,21617,18108
1693,0,13750,21117,21117,16739,19596
1694,0,4751,16435,16435,15532,16272
1695,1,12620,26328,25312,26328,25055
1696,0,10982,15828,15828,20286,16622
1697,2,4180,30277,30185,25203,30277
1698,0,1152,27170,27170,28119,24961
1699,3,11240,25494,29049,25409,26534
1700,135,14170,23545,17697,15634,15871
1701,0,13950,27974,27974,24470,25129
1702,7,7811,22137,30254,30153,29291
1703,9,12885,17629,20040,19924,18005
1704,0,11001,29999,29999,29958,30005
1705,11,11965,27653,29373,25794,25755
1706,9,3298,17367,29201,19314,18882
1707,0,12732,28024,28024,29370,26450
1708,0,82,30318,30318,16903,30328
1709,0,14585,25671,25671,29413,21152
1710,85,9932,16464,21922,22031,20109
1711,0,3136,16898,16898,23001,16186
1712,4,3386,17264,19067,26534,29840
1713,0,6748,21662,21662,21616,29566
1714,0,12047,24698,24698,28687,22088
1715,0,7817,23978,23978,28091,28570
1716,0,7620,23337,23337,16941,23674
1717,0,13333,24503,24503,26821,25768
1718,0,518,17226,17226,15443,19626
1719,0,10426,16853,16853,18991,22430
1720,8,1170,28323,23889,28585,21152
1721,0,14352,25654,25654,22411,25170
1722,0,2895,25221,25221,14991,28043
1723,0,2728,17871,17871,15725,16381
1724,0,832,24849,24849,25577,22075
1725,0,9526,17741,17741,26983,22724
1726,14,6248,19281,23131,19185,21609
1727,0,9102,24777,24777,29481,25409
1728,275,12178,15093,15078,15241,30318
1729,0,10847,28477,28477,26339,25634
1730,0,8497,23883,23883,27002,27544
1731,0,5642,18457,18457,22346,22445
1732,0,1537,24490,24490,23239,25081
1733,0,2674,25995,25995,28212,24635
1734,0,231,22313,22313,17769,28587
1735,29,1564,24205,30038,24380,30086
1736,0,6733,16044,16044,18717,20559
1737,0,1157,20162,20162,18164,15712
1738,0,6225,25902,25902,19827,28374
1739,1,6349,16528,19669,16528,19368
1740,0,5625,28636,28636,28082,22376
1741,162,7592,17751,26223,18526,23047
1742,0,11557,26703,26703,25856,27922
1743,0,7267,21739,21739,23523,28603
1744,17,8654,24938,27084,25366,25755
1745,0,4985,21070,21070,20067,28328
1746,0,13498,25595,25595,24504,25211
1747,0,3210,16647,16647,22553,19025
1748,0,6705,24635,24635,24787,24815
1749,0,3854,24076,24076,24795,26311
1750,0,13049,28043,28043,26664,23807
1751,0,5793,15382,15382,19986,22847
1752,0,4229,22556,22556,20081,30214
1753,3,12544,27391,25955,25174,27363
1754,0,25,16299,16299,21935,19434
1755,6,13160,27397,24280,24718,26493
1756,1,12329,17688,16516,17688,19217
1757,0,7434,16627,16627,17067,23224
1758,11,10708,19069,14960,15005,16381
1759,0,5157,28078,28078,25369,25502
1760,0,409,25308,25308,28384,24349
1761,0,8554,26553,26553,16035,24187
1762,2,3279,19912,28480,28423,19912
1763,0,10565,24872,24872,26500,28903
1764,0,12525,23247,23247,23293,22929
1765,0,12926,19196,19196,25764,20900
1766,4,3503,25256,25365,25213,30333
1767,0,13379,29160,29160,28962,24459
1768,0,11043,27286,27286,29668,29481
1769,0,7278,24756,24756,26392,26049
1770,0,10187,25663,25663,29888,25138
1771,0,14323,29110,29110,25764,26817
1772,0,11867,28674,28674,29809,29802
1773,0,3761,21681,21681,26763,24652
1774,0,4864,15767,15767,21340,19215
1775,17,5606,25255,15151,15241,15093
1776,35,7755,27773,28819,28528,24930
1777,3,3956,26601,29517,15254,15230
1778,0,1905,17411,17411,15533,23701
1779,0,13515,26308,26308,25031,26059
1780,0,5792,26776,26776,27051,25409
1781,1,356,15084,15098,15084,28585
1782,10,9898,25967,19642,27343,23685
1783,5,7549,22073,23429,29673,20242
1784,14,13396,28289,28000,30090,29270
1785,123,10981,29202,15241,15748,29146
1786,0,8397,22773,22773,23650,16028
1787,0,12586,24858,24858,27610,27880
1788,0,3041,19434,19434,19192,16299
1789,0,2442,24608,24608,26894,25530
1790,1,12439,23159,22312,23159,19284
1791,0,6785,21735,21735,18576,15854
1792,1,14204,27218,28670,27218,27609
1793,0,6136,26348,26348,24910,25287
1794,0,6760,29413,29413,28536,28477
1795,0,5833,21788,21788,16105,17777
1796,1,11650,17991,22422,17991,26588
1797,8,12869,29268,19192,25634,16299
1798,0,557,27309,27309,29060,29381
1799,226,13718,26755,27103,27704,29481
1800,0,10569,18264,18264,16528,21720
1801,0,2681,29454,29454,28289,29270
1802,0,6980,16251,16251,17028,17291
1803,0,8304,24799,24799,28481,27419
1804,0,3801,16792,16792,22796,20020
1805,0,7224,19771,19771,15890,22445
1806,0,3122,27023,27023,25915,22245
1807,0,6108,21922,21922,20109,19284
1808,0,228,17306,17306,19516,19320
1809,0,4138,29105,29105,29086,27201
1810,26,2031,19111,16121,24791,24608
1811,0,2093,27182,27182,25287,26844
1812,1,3640,26992,27379,26992,25983
1813,0,11951,24363,24363,24637,24687
1814,1,242,19918,22715,19918,21370
1815,5,11573,20696,22564,19887,20514
1816,0,9774,18851,18851,22422,21431
1817,11,4492,22687,18363,22564,16220
1818,0,8109,24684,24684,25942,24812
1819,0,9557,22838,22838,19083,22072
1820,35,6621,19217,21431,21758,16758
1821,0,1631,27973,27973,25805,15035
1822,0,2808,21868,21868,22213,20407
1823,0,1058,29723,29723,29484,28425
1824,0,14257,28408,28408,24823,25849
1825,0,8733,25287,25287,26844,27311
1826,0,2167,26866,26866,29310,16192
1827,3,12611,19676,23326,22312,16647
1828,0,13780,24687,24687,24363,25870
1829,0,8269,28096,28096,15127,28056
1830,0,3601,15748,15748,19376,20830
1831,0,9007,18914,18914,29651,17697
1832,0,5475,28528,28528,29381,25627
1833,0,9768,25886,25886,27827,25206
1834,46,138,30136,30166,24056,25203
1835,0,533,25216,25216,25817,27987
1836,30,2283,18608,27424,22422,24228
1837,0,9002,15336,15336,17431,19069
1838,2,835,25942,29201,28819,25942
1839,20,3560,15109,25101,15241,15054
1840,0,6933,26115,26115,28720,24278
1841,28,7687,18029,16622,28903,16251
1842,2,14031,26347,28460,25753,26347
1843,0,4048,27204,27204,25645,28961
1844,39,5802,20522,29840,22237,16403
1845,151,11715,28396,29202,15148,24896
1846,0,13254,27276,27276,25901,26392
1847,7,10788,22928,18491,23333,23138
1848,28,11269,25502,23807,17834,28982
1849,0,12292,28086,28086,26867,26788
1850,2,1085,24663,25371,27687,24663
1851,0,11619,21731,21731,16733,22081
1852,6,11862,25898,25854,26177,26602
1853,0,7841,23131,23131,19641,23096
1854,0,5667,24481,24481,22592,24062
1855,0,8862,28215,28215,28973,30324
1856,1,1768,24599,29113,24599,29138
1857,0,10973,24610,24610,26954,29812
1858,0,13713,27885,27885,25338,25849
1859,0,11765,20349,20349,21868,23063
1860,2,324,29183,26992,27379,29183
1861,5,11591,16944,18368,20250,19600
1862,0,5245,17833,17833,27051,15967
1863,8,5015,20033,16483,18415,25079
1864,0,9084,24460,24460,24442,24891
1865,7,11654,28115,30038,27583,26817
1866,2,1102,16622,23209,29535,16622
1867,0,3870,17028,17028,23011,17291
1868,0,12432,26013,26013,24607,27034
1869,5,14237,27039,29113,27694,26900
1870,0,9789,24031,24031,28053,25097
1871,4,11331,28984,15147,15066,19924
1872,0,5663,26730,26730,29888,22970
1873,1,3172,18491,20051,18491,15325
1874,0,1264,15159,15159,23499,24368
1875,0,13739,30261,30261,15722,30242
1876,0,4443,17067,17067,16627,18511
1877,0,3165,24812,24812,26006,26399
1878,0,5732,21899,21899,15555,25120
1879,0,9615,22184,22184,18526,22411
1880,0,11281,21675,21675,19909,22912
1881,0,6951,24761,24761,20109,22031
1882,2,11500,16221,21788,16105,16221
1883,0,10601,25589,25589,25409,18893
1884,1,9450,22031,19542,22031,20109
1885,0,4946,27343,27343,25530,27774
1886,15,5943,17523,29064,20225,20749
1887,0,13209,20900,20900,18195,22472
1888,0,8004,24278,24278,28080,29060
1889,0,2181,19514,19514,20311,16025
1890,0,14474,15148,15148,29202,26703
1891,0,9132,24099,24099,23907,15837
1892,0,12696,18611,18611,16340,17779
1893,1,309,28819,22575,28819,17312
1894,0,11173,22494,22494,21389,27057
1895,247,5976,22786,23494,22556,18591
1896,0,10559,21360,21360,20232,23317
1897,0,517,20805,20805,17226,15443
1898,0,1247,21651,21651,22089,20033
1899,1961,11317,27097,29848,26868,17371
1900,0,1303,26743,26743,26690,25075
1901,0,2174,29142,29142,28762,29250
1902,0,6302,20863,20863,20113,22012
1903,0,3531,28587,28587,17769,28549
1904,1,235,15461,17264,15461,17291
1905,0,2758,20048,20048,20127,20805
1906,16,6626,28628,24175,30038,26817
1907,0,7503,16650,16650,19128,19284
1908,0,11086,19280,19280,21521,22489
1909,0,11810,21459,21459,17762,19827
1910,0,12899,25103,25103,18415,30274
1911,1,3914,16642,20511,16642,21720
1912,0,3891,25859,25859,24351,24838
1913,0,3772,21563,21563,15767,20532
1914,0,4800,29250,29250,29274,29229
1915,0,9536,20701,20701,15886,21689
1916,1,13569,22445,19514,22445,19284
1917,0,13893,29191,29191,27923,23759
1918,0,4753,16545,16545,16392,18256
1919,0,3646,26126,26126,25287,28819
1920,0,10276,23754,23754,17569,30318
1921,0,6464,26509,26509,30272,15309
1922,0,11074,19628,19628,23333,21358
1923,0,1381,15164,15164,19912,15253
1924,0,3157,27307,27307,29310,29606
1925,0,9452,25815,25815,26498,27660
1926,0,6213,22849,22849,22389,28275
1927,0,7821,26618,26618,26087,25886
1928,0,7758,22444,22444,22485,17516
1929,0,13145,24923,24923,27424,26043
1930,36,11296,17834,17065,18700,29049
1931,0,7287,24775,24775,27393,29852
1932,8,1418,16268,29668,24226,27945
1933,8,4651,19083,22895,21644,22279
1934,0,11743,25587,25587,17643,16795
1935,67,4290,22408,20128,17779,18407
1936,0,9905,15944,15944,15309,27481
1937,0,5197,18428,18428,22173,18867
1938,0,1964,25488,25488,29392,27325
1939,0,4100,23011,23011,23165,17291
1940,0,3082,17638,17638,24550,26079
1941,0,9903,23383,23383,22931,28912
1942,0,2680,19322,19322,29914,21961
1943,0,6858,26309,26309,25720,18005
1944,22,1694,25627,25287,28528,26073
1945,0,8794,17677,17677,16483,16132
1946,914,11150,29914,19654,18407,22708
1947,0,2976,28946,28946,28856,28117
1948,0,9489,22032,22032,17677,15894
1949,0,10142,27589,27589,28973,17991
1950,1,7643,16733,15960,16733,18428
1951,0,5462,22765,22765,16273,19671
1952,1,4756,27545,27086,27545,30324
1953,1,4197,15054,15215,15054,15093
1954,1279,6556,16210,15342,21070,20067
1955,0,1293,23855,23855,25311,22970
1956,0,3624,27185,27185,21328,29468
1957,0,13741,26138,26138,24296,28982
1958,0,1343,20566,20566,28705,16275
1959,4,5623,27363,24607,27104,24856
1960,0,14268,24182,24182,25616,20707
1961,0,369,30328,30328,25113,27283
1962,0,1448,14991,14991,23683,28043
1963,0,13709,26339,26339,15930,26583
1964,0,11017,26821,26821,27075,24503
1965,0,157,19981,19981,23578,23907
1966,218,4847,28480,26083,25311,26223
1967,0,7728,22518,22518,23375,20747
1968,3,5165,29668,29653,29420,29632
1969,0,7438,20099,20099,15462,30001
1970,0,9854,22708,22708,21018,25366
1971,0,74,28007,28007,29429,22444
1972,11,12104,21310,20302,27520,26674
1973,29,9050,22520,22966,22339,22368
1974,0,9262,15877,15877,19671,20696
1975,0,6101,19215,19215,23357,17310
1976,0,1434,23129,23129,21088,18996
1977,0,4983,25169,25169,25168,20724
1978,0,113,28445,28445,18121,29028
1979,1,3825,22312,23326,22312,15675
1980,0,7442,26518,26518,25623,24431
1981,7,11779,27923,19981,29044,23889
1982,0,246,24607,24607,17320,25627
1983,0,5702,17037,17037,22786,28969
1984,0,10534,15699,15699,19770,19575
1985,0,10006,19865,19865,19305,22489
1986,0,7221,17569,17569,19185,17762
1987,1,11061,19177,24359,19177,27785
1988,0,5486,19010,19010,21163,16044
1989,39,3722,18015,19376,19144,15748
1990,6,1557,24590,29517,15230,15254
1991,0,2815,19542,19542,22031,20109
1992,0,6379,28361,28361,22075,28549
1993,454,10792,24106,27373,26292,15052
1994,12,7112,24856,27589,30274,26006
1995,0,6936,18904,18904,20300,15793
1996,0,6442,16658,16658,16028,22773
1997,0,3015,29952,29952,29938,29999
1998,0,11986,28450,28450,24987,28071
1999,0,8486,28888,28888,24032,22472
2000,0,12634,21596,21596,19556,19641
2001,0,11276,21948,21948,22773,16028
2002,2,5454,24532,26577,25557,24532
2003,2,11068,23759,26963,22028,23759
2004,311,10540,28536,15093,15215,24228
2005,0,7568,16755,16755,22006,22585
2006,2,8174,25497,27778,25251,25497
2007,0,1628,24616,24616,26115,27496
2008,0,803,16035,16035,26450,15991
2009,0,13910,28591,28591,25940,23900
2010,0,13516,27057,27057,25093,22049
2011,0,1295,20567,20567,23772,23173
2012,95,320,30152,26755,29907,25075
2013,0,4700,17577,17577,20887,20015
2014,0,6092,17360,17360,20559,18050
2015,0,2787,27774,27774,26966,25530
2016,0,9990,28973,28973,29903,27589
2017,0,6700,29075,29075,26108,26399
2018,0,3950,30185,30185,30152,30242
2019,26,8804,27034,28363,15197,26840
2020,0,5705,22597,22597,18932,21794
2021,46,7843,23952,15230,29517,15254
2022,4,3115,23635,17848,17050,23703
2023,0,10908,19770,19770,18407,15699
2024,0,7551,15555,15555,21899,23068
2025,10,8076,16258,22800,21562,22070
2026,5,12224,22279,23429,22616,22742
2027,142,1279,29263,28760,22485,22472
2028,5,7869,20666,16886,23772,22137
2029,0,10229,19482,19482,25730,15803
2030,1,9770,26588,26011,26588,27002
2031,0,12229,25764,25764,29110,28032
2032,0,2315,24462,24462,27827,25627
2033,0,11673,17662,17662,21088,22781
2034,0,4863,29948,29948,30031,29958
2035,0,6517,28726,28726,25942,23972
2036,105,10811,21960,15543,22422,29138
2037,0,12849,27788,27788,26900,28509
2038,0,7058,29083,29083,27152,28587
2039,0,1599,17648,17648,20900,22977
2040,3,948,23623,22213,19888,21543
2041,0,3485,20303,20303,30335,18928
2042,0,1045,30064,30064,29939,28077
2043,0,9367,29725,29725,27963,25507
2044,127,9589,20904,23326,19898,20511
2045,789,8514,24727,27215,15411,27363
2046,0,4918,18591,18591,18928,16094
2047,0,10906,25487,25487,25308,24349
2048,0,11398,24060,24060,25645,28919
2049,0,4898,27803,27803,28204,29914
2050,1,11470,25773,27785,25773,15736
2051,9,14345,27898,24380,30115,27977
2052,0,4559,23178,23178,18874,15740
2053,0,12008,25190,25190,24326,28842
2054,0,1926,22476,22476,23238,29840
2055,2,95,17943,23047,23569,17943
2056,0,6422,21659,21659,22905,22885
2057,7,3,22339,26588,22422,20888
2058,0,12488,19556,19556,20725,19641
2059,0,7096,28538,28538,27325,29553
2060,0,8279,29735,29735,29761,29730
2061,10,5770,20279,18087,18281,16886
2062,0,7907,21959,21959,16224,25366
2063,0,11886,29968,29968,29958,21465
2064,0,7162,24900,24900,21328,25955
2065,0,2916,25337,25337,24701,27826
2066,0,1052,30274,30274,26347,25203
2067,0,5575,22626,22626,19376,22687
2068,0,14559,24795,24795,24076,26668
2069,2,1321,27416,29318,30038,27416
2070,0,12313,28486,28486,23898,28340
2071,0,431,24315,24315,29381,26983
2072,0,2300,28899,28899,28107,29488
2073,0,9445,21465,21465,29939,30064
2074,1,0,18718,19016,18718,16139
2075,0,2807,19986,19986,22847,15382
2076,5,12855,15241,24585,29373,25101
2077,0,1103,22070,22070,19720,15793
2078,1,46,16403,21431,16403,21918
2079,0,12588,23138,23138,18491,17464
2080,0,9800,27772,27772,27011,26703
2081,74,7670,29049,24408,26966,28180
2082,0,2840,27280,27280,28128,25967
2083,0,2321,15960,15960,18998,22173
2084,0,3229,22497,22497,22312,16622
2085,0,7598,24077,24077,27014,22523
2086,4,9867,21720,19177,15967,19627
2087,1,1582,16261,23165,16261,30327
2088,0,4987,28328,28328,26325,20067
2089,0,11926,15411,15411,15827,27363
2090,0,11770,23824,23824,29819,24312
2091,30,1523,24442,28628,28442,30093
2092,52,14516,23333,22895,22073,20242
2093,0,14284,26172,26172,23876,24922
2094,0,7307,22507,22507,16335,15793
2095,0,2720,21156,21156,15627,15634
2096,0,811,29663,29663,28972,15001
2097,1,9487,25075,26743,25075,24613
2098,0,6789,21929,21929,27064,21229
2099,0,9726,24030,24030,28175,25527
2100,0,7623,16121,16121,15740,16792
2101,0,4281,20023,20023,22710,17619
2102,0,4943,18928,18928,15614,20887
2103,0,6919,15313,15313,18800,18281
2104,0,5519,27086,27086,27545,30324
2105,1,13066,21018,22708,21018,19322
2106,0,9014,24501,24501,22882,29481
2107,1,13337,25870,24637,25870,24687
2108,0,7157,20916,20916,18865,22472
2109,1,3805,25369,28078,25369,25502
2110,0,9792,27766,27766,28762,28961
2111,0,1920,22847,22847,19986,18068
2112,1,148,15470,14997,15470,15006
2113,2,9328,25371,24663,27687,25371
2114,0,11221,26381,26381,26490,25409
2115,0,5991,19634,19634,22773,16028
2116,0,4884,27680,27680,28766,29095
2117,0,3730,15784,15784,19898,19376
2118,0,590,24431,24431,17615,22705
2119,0,9497,27502,27502,16210,28393
2120,0,2638,29489,29489,29381,27491
2121,0,7422,16557,16557,21458,26247
2122,0,966,26939,26939,27982,27713
2123,0,8018,27941,27941,24133,27025
2124,0,2438,27779,27779,27255,26672
2125,0,7878,15722,15722,15478,18915
2126,4,549,19654,15656,21226,22474
2127,8,8182,25551,28077,24891,28628
2128,0,7709,21609,21609,19185,17990
2129,0,4707,16292,16292,21108,23392
2130,0,4212,28074,28074,17580,28919
2131,0,7296,23703,23703,19596,17752
2132,0,21,30306,30306,30328,30318
2133,3,7982,29370,29817,29669,29374
2134,0,6758,26169,26169,21422,25849
2135,0,10257,17870,17870,23104,16622
2136,0,6896,28133,28133,28080,29484
2137,0,11802,24187,24187,23738,23943
2138,0,7306,21906,21906,21099,20664
2139,0,9155,29603,29603,28590,27311
2140,0,13881,24214,24214,24727,24504
2141,0,8721,18281,18281,29457,30277
2142,0,12181,27051,27051,17833,26776
2143,24,10244,21758,22237,20551,17065
2144,0,10355,21776,21776,20072,23279
2145,0,5974,26289,26289,20303,26390
2146,0,3284,15712,15712,18164,21344
2147,5,1435,26465,23889,21328,21152
2148,1,6591,19368,22564,19368,29064
2149,1,11200,29809,29802,29809,28674
2150,0,4089,19024,19024,20113,22012
2151,0,13704,20242,20242,23703,17050
2152,0,2376,27778,27778,24590,25640
2153,2,11380,26817,24380,30038,26817
2154,0,9703,26911,26911,27865,26534
2155,0,12565,25557,25557,24532,26577
2156,0,13795,17752,17752,29354,23703
2157,0,9407,25920,25920,24197,26618
2158,0,7853,24709,24709,28946,22849
2159,1,7972,24579,24985,24579,27097
2160,1,7093,15325,18491,15325,20051
2161,0,605,29568,29568,23563,22538
2162,119,14560,17197,23859,16381,29790
2163,0,6996,29246,29246,27191,28280
2164,0,1898,26214,26214,26754,27404
2165,0,10576,16786,16786,16272,19449
2166,0,8648,27084,27084,27653,25755
2167,0,3698,24957,24957,23247,24773
2168,0,9415,25644,25644,28374,26452
2169,0,2017,27922,27922,24544,26703
2170,0,2447,15871,15871,19040,15614
2171,9,6983,17312,16650,17065,17981
2172,0,7328,23326,23326,20522,22554
2173,10,10311,18664,16622,16529,19501
2174,55,2559,24668,15241,25794,29373
2175,0,788,29078,29078,28486,28448
2176,0,4568,25093,25093,22049,27057
2177,0,1992,22474,22474,21226,20303
2178,0,13281,24470,24470,27974,25129
2179,0,8783,21931,21931,17769,28587
2180,0,6796,15182,15182,15240,15147
2181,0,10689,16392,16392,16545,20579
2182,0,2455,25840,25840,23898,29069
2183,0,10053,23900,23900,28591,24979
2184,0,2240,23808,23808,23809,23614
2185,0,11101,27796,27796,28570,23978
2186,0,4267,16555,16555,21340,16335
2187,0,13401,26075,26075,25884,24245
2188,775,9456,20557,21099,17779,20128
2189,0,2427,26926,26926,24783,26894
2190,0,7562,27393,27393,24775,29252
2191,65,12519,25860,30038,24380,26817
2192,0,3478,27466,27466,25627,28791
2193,0,6475,30072,30072,30093,28628
2194,0,8726,16224,16224,21959,21735
2195,0,172,18159,18159,21148,22757
2196,0,13280,23500,23500,22912,22070
2197,0,7049,20705,20705,16655,24616
2198,0,8442,30039,30039,23159,28628
2199,0,5289,16983,16983,16529,19000
2200,0,4282,28155,28155,28204,27842
2201,1,7392,22039,19715,22039,19556
2202,15,6406,20707,16622,20407,22422
2203,0,4317,24612,24612,27544,24025
2204,0,8564,29730,29730,29735,19879
2205,0,5297,28689,28689,29756,27103
2206,0,13974,15890,15890,19771,26866
2207,0,12408,23279,23279,18407,20111
2208,82,7683,16764,16622,20407,22885
2209,0,12461,27724,27724,27427,27880
2210,5,9699,24936,25794,29373,25755
2211,0,12016,27207,27207,25130,29000
2212,16,493,28987,23588,24968,28734
2213,0,10861,23717,23717,25606,26167
2214,118,7114,19389,22088,30335,20557
2215,0,11421,21108,21108,28898,19734
2216,0,12231,26577,26577,25557,24532
2217,4,12844,23466,20164,17990,19185
2218,0,9862,18088,18088,21601,23261
2219,0,12693,24893,24893,26534,26148
2220,0,13382,28889,28889,26766,25955
2221,37,14176,28180,26699,28353,24449
2222,0,9226,23972,23972,28156,29060
2223,0,6211,22485,22485,23063,23209
2224,0,4167,15965,15965,18800,16886
2225,0,10943,27122,27122,25264,26133
2226,239,10681,29300,24599,29848,29113
2227,0,14432,26428,26428,24749,27385
2228,0,10431,27722,27722,27039,25170
2229,0,14188,26855,26855,26946,28404
2230,0,6815,27757,27757,29060,27201
2231,0,2872,27144,27144,29339,24315
2232,0,13194,28246,28246,29795,28948
2233,3,11955,21204,22786,28969,16220
2234,454,4876,24657,17312,28863,27167
2235,3,643,18447,15373,19281,17777
2236,1,5361,21121,23063,21121,20146
2237,168,14807,25600,24756,26392,25901
2238,0,3933,22177,22177,20020,20601
2239,7,7520,30324,26763,29852,25461
