idx,rank,query_id,gt_id,ret1,ret2,ret3
0,0,7281,15294,15294,16048,15669
1,33,12046,26004,25136,25237,26000
2,0,4527,25902,25902,19831,19874
3,0,8346,20430,20430,22299,15025
4,0,3848,16225,16225,15448,16907
5,0,11394,17728,17728,17666,25594
6,0,10017,16763,16763,17473,17790
7,0,13534,15097,15097,23573,25000
8,0,4659,24603,24603,17361,24821
9,176,12470,15112,23968,17190,22916
10,0,12592,19009,19009,19011,19015
11,0,5195,25378,25378,27409,27595
12,0,14313,22981,22981,21261,18426
13,0,514,17995,17995,18679,22235
14,83,12543,16934,16616,27753,21184
15,0,2996,26572,26572,24342,25929
16,0,3333,16797,16797,22797,21748
17,0,11910,24959,24959,24960,23132
18,0,13983,18739,18739,17954,26296
19,0,14269,26517,26517,26019,26163
20,1,9830,16614,27502,16614,19753
21,0,5519,22356,22356,20011,22650
22,1,4089,19685,15960,19685,21668
23,0,14532,21297,21297,19067,20975
24,1,7988,21537,21956,21537,24386
25,0,1617,27513,27513,23229,21974
26,0,2378,19403,19403,21199,19442
27,30,3875,24757,25603,25136,23763
28,1,6725,22779,22778,22779,23370
29,0,6019,26111,26111,23020,25819
30,1,9677,23188,21795,23188,18308
31,0,7979,24185,24185,20937,24983
32,0,14733,19111,19111,22538,22539
33,0,2739,17966,17966,22474,23158
34,0,9319,23741,23741,22189,25195
35,0,8724,22547,22547,26481,23815
36,0,14278,27256,27256,27252,27243
37,0,7009,17190,17190,17827,18570
38,2,11818,25409,18494,19626,25409
39,0,6604,15795,15795,19769,19338
40,1,2302,20190,20189,20190,19845
41,0,350,15496,15496,21566,23890
42,0,9755,16633,16633,17161,18629
43,0,5044,20718,20718,17757,15363
44,0,4300,18941,18941,21873,24244
45,3,5882,23366,22848,22250,24917
46,0,7132,20130,20130,26689,21129
47,0,772,24398,24398,26862,27485
48,0,9599,25264,25264,22713,27132
49,0,5530,21566,21566,21537,22604
50,12,10499,16234,17895,19212,18618
51,0,13953,23573,23573,15097,25000
52,1,262,19828,15902,19828,23763
53,0,6242,20352,20352,18724,22582
54,0,5170,26349,26349,21454,23696
55,0,2802,17739,17739,23578,17757
56,196,13789,24073,17385,21184,26051
57,0,889,20937,20937,24185,25589
58,0,7474,16003,16003,16725,15992
59,0,8120,21084,21084,27322,17004
60,0,8933,23214,23214,23833,20454
61,0,8254,19663,19663,18738,20110
62,0,9379,20423,20423,20209,15928
63,0,3638,27145,27145,23089,24415
64,0,6333,26741,26741,16277,24073
65,0,12014,24819,24819,19106,15553
66,0,3467,17860,17860,17858,17719
67,0,1045,22913,22913,24205,21636
68,0,6083,25687,25687,25196,26060
69,3,4451,26051,22953,23542,16840
70,0,6358,25797,25797,27270,25381
71,0,13992,17895,17895,16639,27744
72,0,10384,15314,15314,16715,16964
73,1,10694,20766,20765,20766,19521
74,0,13216,19228,19228,19091,16065
75,0,928,24444,24444,27539,24714
76,0,1838,20784,20784,15971,17403
77,0,2642,22618,22618,22597,15496
78,0,10555,15517,15517,18063,16857
79,1,122,24960,24959,24960,18724
80,0,7899,26098,26098,16893,19828
81,0,7668,27538,27538,24301,26232
82,9,12564,16522,15476,20223,17250
83,0,11495,19973,19973,21655,21261
84,4,5608,21950,24775,24768,23626
85,0,3943,18578,18578,27430,16618
86,0,12706,17922,17922,16606,17937
87,0,466,20859,20859,20857,17051
88,15,11101,22430,23089,24415,20105
89,0,12871,20323,20323,20848,21149
90,0,6028,16967,16967,19071,20178
91,149,12466,21754,21830,23891,23248
92,0,279,15102,15102,14951,14973
93,0,9273,21783,21783,22856,22962
94,0,5413,17008,17008,17010,17011
95,0,11037,16039,16039,17679,17678
96,0,8975,21580,21580,18842,17413
97,0,13805,25220,25220,24303,20819
98,0,9876,16066,16066,16067,16666
99,0,1212,17335,17335,17801,16343
100,1,1668,19015,26913,19015,26909
101,0,2079,20934,20934,18793,24266
102,0,5079,21737,21737,21780,18953
103,0,2510,25198,25198,22366,21594
104,0,4207,20385,20385,18334,24585
105,0,733,17056,17056,22895,15591
106,6,6739,15476,23047,15731,15122
107,3,7452,15132,15423,17952,15018
108,0,9234,23313,23313,21781,26061
109,5,12817,23148,22765,18881,26589
110,0,4355,22243,22243,23051,17719
111,0,13020,19281,19281,15125,20630
112,0,12112,23904,23904,21958,26754
113,0,2047,19932,19932,24560,26815
114,0,4584,15574,15574,22153,17172
115,2,11727,23543,21655,21261,23543
116,0,3529,26017,26017,26585,25381
117,7,869,25828,23578,17739,17325
118,0,6343,26433,26433,26165,26178
119,19,4379,26387,27132,22008,22450
120,0,8865,26700,26700,24255,22661
121,0,9680,20418,20418,20419,24069
122,0,5633,24919,24919,23387,21733
123,2,9114,20389,20701,20702,20389
124,0,2243,21989,21989,24560,24861
125,633,2516,23187,19182,20223,27197
126,93,13748,17819,17320,22458,19588
127,0,4016,25376,25376,27599,24301
128,0,12108,16449,16449,20681,15888
129,0,1222,16677,16677,22725,15125
130,0,13323,18902,18902,19342,19341
131,0,808,17170,17170,20819,25220
132,0,10748,21495,21495,22250,23526
133,0,4212,20889,20889,25769,27495
134,0,2018,15878,15878,21575,23301
135,0,12321,22829,22829,26807,23248
136,0,356,22666,22666,22665,23700
137,0,11845,19641,19641,21261,21655
138,7,3733,26750,24775,24768,23382
139,0,4549,25999,25999,21655,23950
140,27,628,23970,23968,24135,27230
141,1,391,24821,20485,24821,16425
142,0,3662,23556,23556,23966,16918
143,0,6394,25270,25270,19171,26884
144,0,6258,21218,21218,25589,21053
145,0,1124,16828,16828,16323,15994
146,0,6861,25517,25517,19361,25920
147,0,383,26271,26271,25816,21802
148,0,11134,20817,20817,21277,20819
149,0,7823,21592,21592,15456,23119
150,50,129,23070,27045,25251,24135
151,0,1644,24244,24244,25458,18941
152,2,1430,17417,18882,15131,17417
153,8,9704,15436,15132,15423,16273
154,0,9675,23015,23015,23544,19141
155,0,4701,20722,20722,19690,25893
156,1,6995,22061,24386,22061,22668
157,0,3254,23752,23752,19046,26992
158,0,732,18692,18692,21611,22243
159,0,13196,27581,27581,23261,22173
160,12,11621,19848,24468,23079,20910
161,0,13608,23886,23886,16754,20630
162,0,12893,18874,18874,23752,26361
163,0,6432,16171,16171,18167,19826
164,0,6202,16499,16499,16668,18297
165,0,4336,15736,15736,20869,20807
166,0,517,17785,17785,17523,16520
167,0,4028,18334,18334,20385,22882
168,0,7705,22713,22713,26922,22891
169,0,12133,16684,16684,16657,16682
170,0,2700,16800,16800,19999,20039
171,0,14320,22834,22834,22725,16722
172,0,3315,21229,21229,19658,21950
173,0,10177,26481,26481,22547,24953
174,0,8696,21186,21186,18454,21188
175,3,8654,19067,16250,19182,22705
176,0,9032,22443,22443,17626,27158
177,0,5774,22505,22505,19171,19874
178,0,5414,26114,26114,21030,21902
179,0,278,15025,15025,15969,22299
180,0,9900,17627,17627,18297,24375
181,0,6273,17369,17369,18895,21614
182,0,4369,18709,18709,19926,24992
183,0,12195,18980,18980,26804,16130
184,4,823,24303,17082,18297,21823
185,1,7642,18655,15159,18655,18175
186,0,3135,21781,21781,26638,26061
187,2,9120,22432,21662,22430,22432
188,11,4580,22339,19433,20470,15704
189,0,2515,23811,23811,25296,25517
190,0,2951,18667,18667,17021,18700
191,0,10160,17840,17840,17958,22848
192,58,13598,24990,24346,25278,25787
193,1,10138,23923,21945,23923,23113
194,0,12641,22538,22538,20593,25689
195,0,5900,17563,17563,24736,20910
196,0,10255,20893,20893,15360,19419
197,0,1051,15218,15218,22703,23607
198,0,4424,16148,16148,25578,15518
199,0,2945,25258,25258,21820,24933
200,0,2308,15864,15864,27710,25844
201,4,4817,24248,19121,22160,25286
202,0,7970,19607,19607,26804,25337
203,0,14193,18689,18689,19985,15780
204,0,11862,23433,23433,25819,20263
205,1,5969,23190,26850,23190,21648
206,74,11230,24434,26230,17361,18587
207,1,713,22983,24884,22983,26793
208,0,4406,18700,18700,18344,17440
209,0,4463,17649,17649,20701,15750
210,0,3966,19730,19730,26178,26436
211,0,12778,17844,17844,21977,17706
212,0,10561,17262,17262,20015,15591
213,67,13679,19149,15936,18629,15097
214,0,2705,15839,15839,22723,15258
215,0,14117,23558,23558,23020,23499
216,0,738,21775,21775,21648,18842
217,0,12044,16150,16150,16149,16153
218,0,2352,19813,19813,25180,25362
219,0,13504,21811,21811,24370,17286
220,1,12362,19480,19478,19480,19123
221,2,5839,18152,20439,21949,18152
222,1856,2731,22725,14997,22138,22040
223,0,9267,17396,17396,27219,17369
224,4,11255,24654,22953,23542,22080
225,0,11007,23261,23261,27581,18056
226,0,1138,21885,21885,15939,21884
227,5,4472,25742,22778,16452,23370
228,0,13255,21405,21405,21687,21406
229,15,4485,26357,24135,14966,25251
230,273,8119,24337,24448,24744,21581
231,0,9853,21848,21848,21553,17929
232,22,8746,24989,27570,26577,26515
233,0,11021,19430,19430,20162,25898
234,0,14176,27015,27015,20755,20747
235,0,10280,17858,17858,17286,17860
236,0,3578,23968,23968,27045,27230
237,0,3999,23884,23884,25299,21219
238,0,11265,22578,22578,18587,22083
239,3,8929,23143,21376,24606,25769
240,0,12479,22319,22319,26739,17226
241,0,12161,21261,21261,22244,22648
242,0,2852,21357,21357,20439,21537
243,2,3717,22668,22061,22366,22668
244,0,4762,21030,21030,26114,21902
245,0,10010,20739,20739,20755,20747
246,0,8148,18495,18495,19315,22189
247,0,9136,20963,20963,23282,20971
248,1,416,18278,18276,18278,18277
249,0,8336,20095,20095,19603,16944
250,0,10646,18856,18856,18859,17834
251,0,4234,24741,24741,22636,19554
252,0,8364,23744,23744,16918,18297
253,2,11373,27698,23499,25819,27698
254,0,11726,24429,24429,16622,23657
255,0,3535,16721,16721,16722,16725
256,7,5031,16765,20593,15883,23572
257,0,7406,21738,21738,19537,20058
258,0,5038,22619,22619,22366,23734
259,0,12710,25394,25394,22734,25412
260,0,861,27207,27207,23958,27539
261,0,2795,14994,14994,14999,17115
262,0,11153,16751,16751,15731,15476
263,0,10952,24746,24746,24519,23443
264,307,470,27753,15098,21184,24816
265,0,2722,23282,23282,22650,23618
266,0,6048,23230,23230,19354,19423
267,1,5022,23438,18666,23438,20425
268,0,6632,18620,18620,16447,16415
269,0,4159,18057,18057,19404,25416
270,0,14794,24111,24111,18709,25349
271,0,14352,16327,16327,19859,19516
272,0,749,15474,15474,15468,15475
273,0,7287,18734,18734,18738,18825
274,0,10768,15648,15648,16705,16614
275,0,4601,17599,17599,23692,23613
276,1,14198,18015,26886,18015,18014
277,1,14175,15258,15259,15258,17464
278,0,7649,26653,26653,24555,25517
279,2,11147,20819,21277,20817,20819
280,0,6438,15960,15960,18627,21668
281,0,13143,16138,16138,18895,23678
282,0,12541,23090,23090,23976,23299
283,0,4579,22257,22257,19571,16520
284,0,10354,21700,21700,16540,18228
285,1,12403,24693,19031,24693,27172
286,0,11460,25020,25020,27059,18748
287,0,12350,16989,16989,19175,17056
288,0,9213,25169,25169,23826,24342
289,0,3045,15698,15698,15699,15716
290,6,7734,22936,20464,19290,17696
291,0,947,22278,22278,27229,24823
292,0,315,19858,19858,19856,21339
293,1,10036,16350,19946,16350,16349
294,6,77,19571,25251,16639,25286
295,0,9590,19507,19507,17245,16481
296,0,10847,18572,18572,25755,16421
297,25,9988,23347,22953,24654,23305
298,0,2981,21575,21575,25300,26750
299,0,10043,25498,25498,25427,27595
300,0,10756,16403,16403,15577,25629
301,0,8138,24363,24363,23811,27128
302,0,7765,17725,17725,17792,16898
303,1,11426,16081,20953,16081,16088
304,1,1854,25892,26183,25892,25015
305,0,14058,18109,18109,18110,23618
306,0,3596,27382,27382,27752,26700
307,1,7047,15475,15468,15475,15474
308,14,10968,17388,27173,16754,19031
309,0,3066,26909,26909,26913,25117
310,0,11238,21211,21211,17799,22082
311,0,13188,24432,24432,26804,19675
312,1,4029,25519,25237,25519,22581
313,0,11369,15905,15905,19981,15741
314,0,301,22953,22953,26095,25505
315,0,7387,18503,18503,23797,20057
316,0,11846,15571,15571,21978,15565
317,2,8790,23922,21988,19202,23922
318,0,1434,17790,17790,20209,18043
319,0,5331,20314,20314,22882,23189
320,0,1521,20249,20249,20076,21717
321,0,9507,19406,19406,19419,16799
322,0,9632,16452,16452,15112,16425
323,0,4737,23051,23051,22243,17337
324,0,34,27495,27495,27350,27577
325,0,7918,23476,23476,15606,17476
326,0,12088,15900,15900,24415,18515
327,1,14386,23702,26660,23702,26296
328,0,14430,25819,25819,23305,23499
329,0,5737,18592,18592,20022,17606
330,0,6180,20347,20347,20348,20311
331,142,14596,25863,18998,18689,18931
332,1,9404,18352,20938,18352,16639
333,1,13725,16474,27104,16474,17952
334,0,8384,19354,19354,19812,20532
335,40,3397,23815,24696,23977,26304
336,0,13849,19100,19100,22800,15872
337,0,14332,15307,15307,18222,19588
338,0,6003,24182,24182,23229,26577
339,4,10474,24255,24775,24768,23626
340,0,708,15106,15106,16894,16518
341,0,11494,20523,20523,19453,21594
342,0,6495,26243,26243,22928,22768
343,6,12519,25278,24928,24346,25603
344,2,12664,24655,26438,27202,24655
345,0,10692,16794,16794,14973,16065
346,0,11113,24730,24730,17633,22388
347,0,5467,26569,26569,25027,18011
348,0,1776,16561,16561,17554,17629
349,0,12399,26463,26463,25724,25394
350,0,5426,24386,24386,21537,22668
351,0,12231,20503,20503,20860,20380
352,0,7478,15100,15100,16227,15549
353,21,13970,24928,26046,26041,25956
354,0,10166,24084,24084,25042,24026
355,0,596,18794,18794,20532,23143
356,4,2454,17856,25021,23081,16998
357,0,2595,27600,27600,27468,24965
358,0,8459,19453,19453,20523,21594
359,0,5439,22734,22734,23920,18578
360,0,13125,21541,21541,19838,23544
361,1,8248,27670,27657,27670,27457
362,0,38,21802,21802,22571,21340
363,0,9306,26230,26230,17361,16090
364,0,5390,18017,18017,24519,15737
365,72,7012,27424,27577,27131,23958
366,0,11188,17245,17245,16481,19507
367,0,11527,27069,27069,27151,27515
368,0,6617,22434,22434,25427,25428
369,0,9635,18403,18403,17147,18404
370,0,1254,24884,24884,22983,26515
371,227,2245,22991,27114,20532,22960
372,0,12611,22582,22582,23031,25021
373,0,4557,26304,26304,24696,27759
374,0,10913,20521,20521,20510,20526
375,0,9373,23091,23091,22442,27158
376,0,3016,18457,18457,21229,18727
377,100,13445,27502,27753,24472,16292
378,0,8166,16145,16145,16504,16358
379,0,10541,21937,21937,23195,23188
380,0,9021,20011,20011,22356,27121
381,0,14797,21239,21239,19147,25668
382,3,9866,25344,23352,15693,20731
383,0,5792,21725,21725,18681,21261
384,0,11395,17004,17004,27132,16523
385,0,8775,21283,21283,20975,21286
386,0,13477,19182,19182,16182,23475
387,0,12537,17554,17554,19908,16561
388,0,7428,24953,24953,22913,25237
389,0,13247,23681,23681,19859,15134
390,1,11997,20178,20635,20178,19071
391,0,13037,22964,22964,19981,19797
392,0,4846,23652,23652,24185,19303
393,0,2230,18625,18625,16335,15493
394,0,14225,24370,24370,23615,21811
395,0,14244,19167,19167,19164,26638
396,0,5720,17333,17333,25038,17008
397,5,770,26587,27194,26664,26239
398,2,9293,15771,17390,25891,15771
399,0,14105,15062,15062,17226,19121
400,0,4712,24271,24271,27004,25458
401,63,4725,27173,19686,14966,18840
402,0,10597,16130,16130,16232,19322
403,15,3491,17653,16277,18929,25976
404,0,8189,25504,25504,15114,16520
405,0,9640,27071,27071,27261,26523
406,0,1443,27290,27290,17715,19967
407,0,12216,26438,26438,25343,24655
408,183,2247,25769,27623,27577,27399
409,0,1863,25282,25282,25349,19730
410,0,3137,16514,16514,16511,15106
411,8,4301,27498,27468,27327,23847
412,0,9077,19175,19175,16989,16282
413,3,12787,20861,20869,15736,20807
414,0,3779,16747,16747,18856,16518
415,1,2701,16594,21307,16594,18289
416,0,9744,22768,22768,21989,25749
417,0,9751,17057,17057,18343,23587
418,0,11634,21339,21339,25976,23527
419,0,14492,18616,18616,16048,15056
420,65,3510,27113,16048,18616,18733
421,1,9823,23320,23318,23320,15813
422,0,374,19826,19826,21131,18946
423,0,5552,16415,16415,26791,16907
424,0,8911,19352,19352,23793,18748
425,0,11407,17286,17286,18961,24370
426,5,4837,18618,27728,17666,27756
427,0,3622,25670,25670,24398,25101
428,0,99,15674,15674,16212,17499
429,0,7329,22636,22636,24741,19554
430,4,1524,17630,22378,26922,25265
431,0,13524,25952,25952,26343,23414
432,0,6069,17937,17937,17922,17925
433,0,1448,15284,15284,25712,15244
434,2,11705,23711,26495,26496,23711
435,0,12990,17606,17606,17612,18592
436,57,13014,23502,23320,23318,15813
437,0,12118,27219,27219,17396,22953
438,0,874,15737,15737,16678,15747
439,0,489,20540,20540,20428,21261
440,0,13027,21842,21842,23797,19150
441,0,3787,24606,24606,21376,24610
442,0,3866,27628,27628,24562,27537
443,0,8142,16908,16908,19772,18286
444,0,5383,24561,24561,23652,24983
445,1,12232,17531,25755,17531,15451
446,1,13975,18666,23438,18666,16751
447,0,12259,19779,19779,24411,23987
448,0,3531,23997,23997,23998,21211
449,0,6006,23391,23391,24423,18861
450,22,8320,23527,25603,25278,25787
451,0,948,23464,23464,25445,20979
452,0,4597,20428,20428,21261,17986
453,0,8002,15871,15871,22997,16715
454,0,4842,21340,21340,25655,26380
455,0,11879,25021,25021,27504,21428
456,0,2181,19537,19537,21783,21950
457,0,8013,22650,22650,20971,24158
458,0,8286,15487,15487,17860,17185
459,0,3608,20251,20251,15693,17047
460,0,11685,23677,23677,23678,18733
461,0,4687,24221,24221,15364,21795
462,0,4025,21655,21655,23189,21261
463,0,11408,23651,23651,26019,23085
464,0,13545,21112,21112,15499,18970
465,1,30,17641,19433,17641,17335
466,0,10870,19937,19937,19941,20615
467,0,9285,24570,24570,24568,19259
468,0,266,25805,25805,22768,22928
469,0,1718,20532,20532,19812,21006
470,0,5685,21131,21131,24232,19826
471,0,10621,15164,15164,18629,18337
472,0,476,27091,27091,24522,24326
473,0,8219,19341,19341,19342,19344
474,0,84,23081,23081,25021,20607
475,0,5241,21294,21294,19901,23040
476,0,10309,19797,19797,22964,23159
477,0,14273,18128,18128,19600,21412
478,0,11653,19427,19427,23502,15899
479,2,12847,22133,16488,22339,22133
480,0,573,23092,23092,17659,18576
481,2,13862,22705,26796,20270,22705
482,0,9511,24945,24945,27066,23575
483,0,4652,23727,23727,18649,25076
484,0,10509,23542,23542,24654,27232
485,0,2495,17016,17016,16090,17018
486,0,10111,20975,20975,21297,19067
487,0,2204,15904,15904,17045,15294
488,4,13062,22294,27232,25416,17390
489,2,7382,17822,16993,18587,17822
490,0,6233,25122,25122,24504,21399
491,0,12793,25706,25706,23650,24449
492,121,181,23826,23738,25167,20454
493,0,1394,15555,15555,20076,18733
494,0,2325,18471,18471,15971,16403
495,0,5188,25847,25847,27644,27608
496,5,10256,17827,20209,26804,17757
497,9,3916,16310,22138,15237,18649
498,0,7255,16667,16667,16537,16668
499,22,6929,25265,24816,16958,17949
500,0,12898,19760,19760,19966,21868
501,19,11063,16139,20034,27752,27382
502,0,7109,17815,17815,18167,17008
503,4,1672,26144,23970,27388,20415
504,0,6600,26220,26220,24477,22160
505,0,9558,23193,23193,24519,22891
506,0,4044,17658,17658,16918,20314
507,0,59,21188,21188,21186,20146
508,0,8422,15908,15908,17045,15904
509,0,2292,26193,26193,16993,22578
510,0,2893,26557,26557,27538,27683
511,0,5231,21945,21945,18499,22502
512,0,6004,22067,22067,20465,17696
513,9,14531,20593,15131,26865,18014
514,0,8212,26975,26975,26976,24352
515,0,801,22719,22719,15531,24995
516,0,4918,21497,21497,18445,17860
517,0,4651,26407,26407,27025,26163
518,0,3558,19474,19474,27010,22622
519,0,8680,16820,16820,17768,16017
520,0,6869,25660,25660,19141,25724
521,0,8861,19244,19244,25300,25984
522,0,1955,16383,16383,18499,17626
523,0,14163,17250,17250,23575,17819
524,339,14232,27232,22652,24477,23969
525,0,2823,20485,20485,24821,16425
526,3,12809,27252,27256,26392,20722
527,0,12525,25893,25893,19873,20968
528,0,3945,21921,21921,27107,25915
529,0,14030,21805,21805,18212,18273
530,0,11743,19102,19102,25984,15518
531,0,11094,23797,23797,23132,24449
532,0,3299,18553,18553,18565,18566
533,0,148,16273,16273,15018,19466
534,0,14647,19057,19057,27113,15363
535,0,8716,18490,18490,19669,18802
536,0,1433,16559,16559,17790,16887
537,0,14261,15994,15994,16323,16727
538,0,351,16491,16491,22882,16785
539,0,11510,20035,20035,21159,19322
540,16,6593,16639,16934,17827,22916
541,0,10189,17340,17340,20111,26408
542,2,8655,22960,27409,27598,22960
543,0,10144,21744,21744,21458,26539
544,0,11130,20132,20132,20131,22705
545,0,9001,15111,15111,15110,20182
546,0,14451,17110,17110,17957,26296
547,1,6350,26172,25117,26172,26059
548,0,5251,15910,15910,18616,18331
549,0,1568,18967,18967,18968,18724
550,0,5181,16291,16291,24511,27192
551,0,3707,21611,21611,18692,22243
552,0,7209,19926,19926,16945,24992
553,0,7727,27026,27026,24714,27219
554,0,14565,19669,19669,22969,18490
555,0,10050,23580,23580,24603,22355
556,0,7661,24316,24316,25012,21614
557,0,1851,21884,21884,26114,25722
558,0,5683,21963,21963,21594,16582
559,1,3472,22882,24580,22882,16918
560,30,5084,27761,23738,23833,20454
561,0,695,26833,26833,27380,26051
562,0,6521,16944,16944,16945,17340
563,0,9791,22929,22929,22949,22950
564,14,14898,22040,21505,22075,24864
565,0,11719,18881,18881,23148,17161
566,0,10288,24822,24822,24095,26137
567,0,3217,26630,26630,26871,20251
568,0,9335,22638,22638,22705,25362
569,0,4193,19989,19989,23673,27761
570,5,14065,16907,23223,23899,25712
571,0,9749,20615,20615,17306,17303
572,0,12533,16826,16826,21842,19150
573,6,10988,17390,23886,20630,19036
574,0,2532,20216,20216,24861,20731
575,8,4504,17360,16528,16149,23413
576,0,2176,27577,27577,27598,21621
577,1,9005,20953,18503,20953,20256
578,0,2109,26792,26792,18906,25769
579,0,6346,22792,22792,22791,25678
580,0,6130,22205,22205,22497,24418
581,0,6237,15780,15780,21868,26739
582,0,10602,25042,25042,24084,19856
583,35,12554,22653,17320,18500,17630
584,0,362,21028,21028,20076,23969
585,0,8653,22549,22549,24185,25589
586,0,13072,23210,23210,23302,19241
587,4,6090,19202,23922,19219,17325
588,0,7497,15098,15098,15097,20444
589,0,3842,27409,27409,27570,27537
590,1,643,19315,18962,19315,18961
591,0,12609,21795,21795,23144,24590
592,1,6771,15758,17245,15758,16481
593,0,11276,20111,20111,16944,17340
594,2,13389,20755,20747,20714,20755
595,0,8892,21589,21589,25344,23352
596,1,4105,17018,18033,17018,26557
597,0,3065,25925,25925,26586,26828
598,0,4270,16537,16537,16667,18301
599,0,10237,21823,21823,21655,18309
600,0,2278,17629,17629,26451,17949
601,6,6899,26585,25920,24934,26793
602,0,3796,18891,18891,20146,21186
603,0,7418,16200,16200,25895,27245
604,0,14760,17908,17908,17453,27178
605,0,9426,25589,25589,23494,23901
606,0,6951,19037,19037,25959,24594
607,1,6982,26732,16843,26732,23891
608,0,7315,15305,15305,18949,15304
609,0,4401,26622,26622,26638,21788
610,0,10805,19533,19533,22285,22616
611,0,7267,21470,21470,21095,21467
612,0,8972,17446,17446,17715,18594
613,0,10318,23396,23396,19303,24841
614,14,2095,18276,25828,22769,23578
615,0,10825,25710,25710,27140,26121
616,0,9737,22250,22250,22575,20718
617,0,7407,18748,18748,23793,18443
618,0,9714,16421,16421,18280,16660
619,0,6633,16678,16678,18242,19069
620,17,5032,15015,23572,14951,17866
621,0,3804,15741,15741,15537,15764
622,0,1269,23106,23106,22517,25362
623,1,6962,22740,21053,22740,27422
624,0,12761,23678,23678,21339,23677
625,0,13552,25462,25462,23551,23347
626,0,8595,24823,24823,27229,22278
627,1,8756,27576,15633,27576,23652
628,0,1089,16149,16149,17361,17360
629,327,14861,27782,20909,22953,21184
630,0,4700,22502,22502,19750,20352
631,0,8849,21857,21857,16998,23081
632,0,2924,23998,23998,23997,27485
633,0,9125,18964,18964,21857,21606
634,4,13848,24476,24081,23079,18511
635,0,2375,18443,18443,23793,18115
636,0,4208,15693,15693,19730,26436
637,107,14905,27704,18352,25976,18618
638,0,4050,23916,23916,27128,27537
639,0,10408,24322,24322,18536,25178
640,0,8676,19272,19272,22517,18724
641,689,12369,17708,17666,15443,17630
642,1,13312,17361,17360,17361,19042
643,0,9383,19585,19585,22700,19584
644,0,1632,20189,20189,20190,20182
645,0,23,23915,23915,23476,22571
646,1,14856,19069,21406,19069,21405
647,0,952,26232,26232,26631,24901
648,1,3549,25251,26523,25251,27261
649,77,12094,17866,19171,15942,21674
650,0,10987,21614,21614,18895,24737
651,2,13685,24061,21495,23526,24061
652,0,8123,18846,18846,17010,18964
653,0,4362,16511,16511,16518,15106
654,2,12804,19859,23495,20630,19859
655,0,13259,16519,16519,19966,21646
656,0,9762,16952,16952,21108,25697
657,0,13471,20723,20723,18996,16099
658,0,5960,15453,15453,18254,19361
659,0,1455,16844,16844,18360,27164
660,175,3754,22560,17643,16814,15704
661,0,14526,23245,23245,15141,19001
662,0,3846,15021,15021,14999,14991
663,0,12440,25726,25726,22160,23476
664,0,443,15125,15125,14955,18666
665,1,4180,25277,25286,25277,23562
666,1,12058,27172,26796,27172,27264
667,0,7862,20105,20105,19202,24415
668,0,8528,24568,24568,24570,23106
669,0,4978,24556,24556,25038,23299
670,0,5850,15825,15825,16439,16438
671,0,5967,23302,23302,21950,18861
672,0,6714,17476,17476,21475,26069
673,0,8551,19319,19319,22502,23983
674,0,11575,18681,18681,21725,18802
675,1,3230,21820,22061,21820,22668
676,0,521,23958,23958,24714,27539
677,0,10479,25202,25202,24161,27538
678,0,11772,18877,18877,16799,20630
679,9,5808,26586,27194,26239,26828
680,0,1355,18660,18660,20324,21176
681,1,11757,22659,22573,22659,24658
682,0,14120,21414,21414,23424,21655
683,0,10755,16447,16447,18620,16415
684,3,7686,16090,26230,17361,24633
685,2,2658,27303,27296,27297,27303
686,151,5871,24448,16893,15487,20311
687,0,2799,27490,27490,27683,26752
688,0,1833,15937,15937,23826,23820
689,0,13139,26343,26343,25952,15617
690,0,6309,21074,21074,25442,24034
691,10,11246,19091,19588,22458,16506
692,0,10908,21500,21500,23472,23544
693,130,12808,23062,25505,26095,22953
694,0,1241,22765,22765,18881,23148
695,5,4540,23833,26000,23820,23815
696,0,10751,25399,25399,25848,18219
697,0,8509,20759,20759,20451,23205
698,0,540,19908,19908,17554,16561
699,0,478,15304,15304,15305,18949
700,1,4477,27570,19665,27570,27350
701,0,4258,23260,23260,21811,20852
702,0,8562,24594,24594,26757,25627
703,0,8971,25458,25458,27004,24244
704,0,4714,20146,20146,18891,21186
705,0,9693,25000,25000,25519,22581
706,0,455,21054,21054,16861,16171
707,0,7476,15259,15259,15258,25828
708,0,8876,17626,17626,21625,21570
709,0,7162,17781,17781,16749,15122
710,0,1582,16577,16577,17804,21582
711,0,14002,25709,25709,20428,23981
712,38,11340,20415,24477,26134,25432
713,0,9287,20843,20843,20400,15895
714,1,6386,27318,25564,27318,21475
715,0,14156,16858,16858,19001,18616
716,0,8812,21111,21111,22489,23649
717,6,161,21762,23350,14966,19686
718,0,4662,23901,23901,20216,26137
719,0,815,19290,19290,20464,16316
720,298,10083,18241,15526,16788,19859
721,0,12661,19386,19386,19033,20307
722,0,1063,15245,15245,15284,17724
723,0,5860,21755,21755,18700,22502
724,0,8480,15942,15942,19164,17441
725,1841,9721,16277,19098,16751,17653
726,0,6480,15657,15657,18595,18594
727,0,10523,19518,19518,24556,20323
728,0,1399,23562,23562,15282,26511
729,0,8951,22684,22684,22682,18033
730,75,14743,24126,24786,18513,22656
731,0,12498,24420,24420,25564,24237
732,0,5474,24841,24841,23396,19303
733,0,13331,19345,19345,21405,16678
734,1,3489,16518,18856,16518,18859
735,0,9229,15791,15791,21584,15518
736,0,10797,22391,22391,22355,22389
737,2,787,16520,17895,16639,16520
738,8,8227,26674,23968,26775,27475
739,0,10842,27168,27168,17325,23562
740,0,1927,16425,16425,24821,20485
741,0,11406,17905,17905,23336,26343
742,0,10807,26191,26191,25273,23700
743,0,11185,24518,24518,26749,19629
744,0,8830,15612,15612,16499,17658
745,0,11464,15883,15883,19794,20323
746,0,7606,24312,24312,22478,24737
747,2,13144,20425,19191,19121,20425
748,0,980,20869,20869,15736,20807
749,0,1612,16448,16448,16864,15839
750,0,10500,21531,21531,18578,23920
751,0,5068,27436,27436,20034,20031
752,84,2875,15531,16250,25863,19731
753,0,12411,15659,15659,17895,15114
754,0,1119,26497,26497,23711,26495
755,0,13857,17867,17867,19404,19061
756,1,3086,27114,25012,27114,27409
757,0,7369,19527,19527,23724,22547
758,64,5709,27682,24511,27577,27192
759,4,1482,26828,22430,21662,22435
760,15,2663,27106,27598,24562,21621
761,1,10999,23443,25895,23443,22048
762,0,7091,24107,24107,23797,21842
763,0,1673,22854,22854,23650,24420
764,0,10119,19478,19478,19123,19480
765,0,1565,24138,24138,21820,24654
766,0,10737,17051,17051,20845,15895
767,0,6362,27666,27666,21974,24266
768,0,13715,25891,25891,18671,25042
769,1,7926,21733,26257,21733,27041
770,0,14342,19966,19966,15899,18685
771,0,8737,26515,26515,18793,26793
772,0,10095,20039,20039,20034,20031
773,0,4281,16087,16087,16088,17016
774,0,9185,22648,22648,25803,24468
775,0,4203,15704,15704,17801,19433
776,8,6690,21988,23305,24415,21937
777,4,13714,22871,25409,22975,19626
778,0,10861,18617,18617,25416,16647
779,0,13907,18413,18413,18656,18315
780,0,250,25361,25361,26862,26834
781,49,12848,17498,21868,20540,21261
782,0,3505,27059,27059,23915,25020
783,0,13041,20048,20048,22300,22299
784,226,8596,19212,21795,15274,18304
785,2,2583,24784,16212,15674,24784
786,0,5918,26968,26968,24537,21989
787,0,12146,16358,16358,16238,16763
788,4,2931,21662,16864,17541,20439
789,1,6482,25348,21614,25348,18895
790,0,7019,23437,23437,18802,21646
791,0,10071,17189,17189,21820,24138
792,0,192,20345,20345,20226,20266
793,0,1811,20979,20979,22618,21700
794,0,5359,16923,16923,16873,18110
795,0,1774,15161,15161,20711,23113
796,0,4445,16916,16916,16936,20314
797,3,3147,23937,23945,27344,23946
798,0,6257,26511,26511,27527,27595
799,0,6366,17986,17986,21261,16139
800,0,8232,18175,18175,15159,15920
801,0,1258,15468,15468,15475,19900
802,3,7326,25854,24244,25560,25458
803,0,14497,23692,23692,15716,17606
804,0,12619,25678,25678,22979,22389
805,0,5592,20316,20316,26775,23722
806,0,9453,24069,24069,22366,21566
807,0,4731,21214,21214,25892,25042
808,0,5069,20034,20034,20031,27436
809,0,10666,15012,15012,24411,16374
810,0,11398,26436,26436,19730,26309
811,0,3613,26862,26862,27485,25361
812,0,9715,24158,24158,22650,18530
813,0,6050,20209,20209,15462,23015
814,0,620,17499,17499,15617,16725
815,0,8034,19649,19649,26804,17340
816,0,5931,23981,23981,22298,18297
817,0,3832,20270,20270,22235,19054
818,1,57,26239,26664,26239,27510
819,304,36,17324,20485,15839,22040
820,0,4413,22252,22252,24928,21191
821,0,7541,21144,21144,20389,20386
822,0,2141,25523,25523,20562,21458
823,2,1183,24522,24326,25088,24522
824,0,9745,20714,20714,16061,20747
825,0,5938,15922,15922,21219,23331
826,0,6088,21804,21804,25015,16441
827,0,10943,18308,18308,23299,24502
828,22,7511,26296,17115,14991,18019
829,0,10845,21881,21881,21880,23084
830,9,6915,22665,27344,23945,23937
831,0,9042,20193,20193,20190,15518
832,590,752,17564,15531,22719,24995
833,1,3282,26523,27225,26523,21727
834,0,13343,18936,18936,20605,18448
835,0,6215,25979,25979,16316,19290
836,0,1454,26069,26069,27547,18793
837,0,1912,24995,24995,24816,25779
838,0,10076,19106,19106,24819,17508
839,9,11766,17666,25976,17653,25000
840,0,3538,27468,27468,27327,24965
841,0,13514,20182,20182,20181,20190
842,0,9950,26521,26521,19926,18751
843,0,2832,21748,21748,15106,16747
844,2,1102,24605,24610,24608,24605
845,0,6855,16682,16682,21598,21497
846,0,5270,20439,20439,21500,17464
847,0,7639,20971,20971,22560,22650
848,0,11326,19513,19513,19656,24788
849,0,6471,15880,15880,20711,23675
850,6,13370,18315,15669,24141,15282
851,0,6249,17775,17775,16013,15130
852,1,12434,19985,15120,19985,24108
853,0,4617,22793,22793,21575,22792
854,0,5549,26408,26408,17340,25561
855,0,11488,24933,24933,23251,21813
856,0,13617,24392,24392,25977,23976
857,7,8438,21897,17059,18220,22882
858,0,5397,26249,26249,26059,25117
859,3,11151,23327,26004,19882,27761
860,0,1946,27128,27128,24562,26653
861,0,7229,23424,23424,21414,22299
862,0,767,21435,21435,23958,21974
863,0,11465,18532,18532,16765,18534
864,11,12663,24803,24928,25136,23820
865,0,337,16147,16147,16153,16149
866,0,7780,21567,21567,17775,16852
867,0,8054,17085,17085,17620,17711
868,1,12606,16250,24108,16250,24169
869,0,3059,17441,17441,18342,24399
870,0,6039,26533,26533,26450,26572
871,0,9179,15872,15872,20526,19204
872,3,12423,27245,27243,27256,19733
873,1,1362,20663,17730,20663,20551
874,0,9750,18929,18929,15185,19121
875,0,4655,16913,16913,16893,22243
876,0,709,18442,18442,15106,16898
877,0,11022,27151,27151,27515,27192
878,0,8726,16381,16381,18394,18722
879,0,2056,24318,24318,23070,23820
880,0,8889,23367,23367,21261,21655
881,0,4546,21956,21956,24386,20366
882,0,8832,26181,26181,17387,22622
883,0,4442,20400,20400,20855,20848
884,0,14503,16715,16715,25936,16327
885,1,10025,23983,19594,23983,24554
886,0,11855,22515,22515,19349,19054
887,0,12932,19521,19521,20765,20772
888,0,8029,21428,21428,21978,20883
889,789,13959,14951,15131,27168,19442
890,5,12556,25136,25956,25278,23368
891,0,14260,24233,24233,15476,25755
892,0,1716,17126,17126,23300,23554
893,0,7643,16050,16050,17757,15179
894,0,7321,23819,23819,21638,25169
895,0,5958,25373,25373,18342,17440
896,0,5645,17166,17166,16306,19088
897,0,6434,17508,17508,18471,19168
898,0,1964,22928,22928,23915,26544
899,0,10559,17935,17935,19381,22575
900,0,5896,20526,20526,19067,20510
901,0,1684,18219,18219,24042,17082
902,0,2350,22083,22083,24937,23146
903,0,9230,21584,21584,23248,18966
904,0,2619,23158,23158,25300,17966
905,0,7907,20958,20958,18394,22008
906,0,9660,18426,18426,16519,19966
907,0,5093,17185,17185,21820,22061
908,0,257,18859,18859,18856,17473
909,0,11175,21219,21219,23143,21910
910,0,10838,19419,19419,19406,19191
911,0,3374,17557,17557,15133,25976
912,0,1742,20777,20777,20766,20765
913,86,10271,25779,19571,21893,21949
914,0,2762,26137,26137,27559,27376
915,0,13128,21727,21727,20151,26804
916,0,1587,15936,15936,16770,15087
917,0,7580,16840,16840,25462,23551
918,0,6684,27722,27722,25865,24716
919,0,4189,24869,24869,25968,27108
920,0,8109,27272,27272,27599,27570
921,0,7299,16864,16864,15839,18784
922,23,645,27728,15669,15282,25000
923,0,1781,26638,26638,21788,26622
924,0,3991,16993,16993,26193,16582
925,0,7581,17337,17337,17011,18445
926,0,5718,22008,22008,22638,27132
927,1,12312,24802,18281,24802,15432
928,1,2808,21581,16577,21581,21582
929,0,8393,20080,20080,16998,20606
930,0,162,21625,21625,20883,16540
931,0,9399,19794,19794,20323,15883
932,0,8279,21426,21426,22962,24699
933,0,8328,26041,26041,26046,23495
934,1,6865,19205,17767,19205,19753
935,0,13880,19962,19962,17189,17263
936,0,938,20562,20562,15555,25523
937,0,10944,20635,20635,19071,20178
938,0,5726,16261,16261,22797,18856
939,0,698,27485,27485,26862,25196
940,67,8045,15274,18402,19212,21184
941,0,6551,23903,23903,26068,25412
942,0,11310,27559,27559,27560,25050
943,0,7749,26752,26752,27362,21832
944,0,8026,22244,22244,20910,18511
945,0,7491,16894,16894,15106,16747
946,0,13519,18242,18242,16678,18902
947,1,701,18840,19686,18840,18733
948,0,3180,21594,21594,21963,25198
949,5,6623,23395,24570,18457,26982
950,0,3773,24502,24502,23722,15177
951,3,10520,19206,17323,25210,16909
952,1,334,15354,15352,15354,19433
953,0,13641,22320,22320,20256,19856
954,0,13202,23713,23713,26838,17715
955,0,14633,17135,17135,17133,20669
956,3,10296,26982,27628,25706,24609
957,0,6581,15526,15526,16788,25603
958,0,8499,15499,15499,19091,27178
959,0,2517,15681,15681,19061,20564
960,1,3402,27299,27296,27299,27297
961,173,14086,26796,27122,26068,22539
962,0,688,22297,22297,22330,22294
963,0,10954,16887,16887,16898,18365
964,0,10394,23738,23738,23833,20454
965,0,2964,23403,23403,22497,22205
966,0,4083,19612,19612,27570,24027
967,0,12854,19838,19838,19649,24992
968,0,2733,26863,26863,27608,22960
969,1,7706,23975,15591,23975,15493
970,0,8908,16153,16153,17018,16147
971,0,13972,19141,19141,25561,26521
972,0,13518,17415,17415,20226,20273
973,17,12473,16616,18694,15237,14956
974,3,6007,27512,27194,26239,26664
975,0,13936,18890,18890,21185,21186
976,1,7884,17834,16873,17834,16747
977,0,12414,18933,18933,19481,19028
978,4,8755,19772,18290,18289,19207
979,0,6248,19054,19054,20270,22515
980,0,9419,25391,25391,17709,17708
981,2,999,14973,23572,17866,14973
982,0,413,23133,23133,25749,27465
983,3,4859,24714,24444,27424,27539
984,0,4929,15633,15633,17966,23652
985,0,2085,15731,15731,24803,15122
986,29,3345,25799,24511,27647,24398
987,0,5794,26290,26290,27124,26137
988,0,11881,18894,18894,19141,23015
989,0,10407,18775,18775,21414,23189
990,117,11614,26660,24928,24346,25278
991,281,3912,22138,21566,26850,21537
992,0,3200,16814,16814,15704,19433
993,0,9069,24373,24373,23113,22558
994,0,13416,23159,23159,19797,22964
995,17,9814,20981,23788,24368,24582
996,0,1314,15237,15237,22765,23582
997,0,9694,23561,23561,21751,22205
998,0,502,22259,22259,21880,19584
999,0,8391,19548,19548,21783,18344
1000,0,10048,21832,21832,22876,21458
1001,0,13937,20679,20679,20678,20683
1002,0,4186,17730,17730,20551,20663
1003,0,14768,18685,18685,21646,19966
1004,0,5346,16683,16683,17283,20852
1005,0,2629,22313,22313,24714,27539
1006,186,8706,23899,16292,23562,18352
1007,0,7309,25796,25796,26181,26183
1008,0,9743,19618,19618,16042,20380
1009,24,7517,25432,15258,17464,15259
1010,0,6311,16335,16335,18625,15493
1011,0,10334,18261,18261,22091,24654
1012,0,13668,19946,19946,16350,16349
1013,0,14179,18536,18536,17073,24655
1014,0,9583,23688,23688,25854,27666
1015,0,8268,22891,22891,19573,17441
1016,0,10116,20481,20481,26008,23527
1017,0,2530,17535,17535,17853,19175
1018,0,2541,19900,19900,18570,15475
1019,0,1408,27547,27547,26542,26515
1020,0,5674,19161,19161,22800,19386
1021,0,12441,16964,16964,15386,15102
1022,0,2555,17385,17385,17387,15216
1023,0,3658,22976,22976,25594,19973
1024,3,13932,22285,22300,22299,20430
1025,0,10210,24423,24423,18861,23391
1026,0,7062,25837,25837,26647,19527
1027,0,981,15750,15750,20701,17649
1028,0,6102,22622,22622,24048,19307
1029,0,2287,22703,22703,15218,23607
1030,0,7054,24234,24234,20124,23254
1031,0,11399,15155,15155,17379,20947
1032,0,11674,25917,25917,25627,26796
1033,0,9913,26046,26046,26041,23527
1034,0,8839,18579,18579,16934,16648
1035,0,11367,25180,25180,26590,19268
1036,0,723,24716,24716,23476,21218
1037,0,10443,22916,22916,25218,17827
1038,0,11541,16725,16725,16022,16003
1039,0,64,22474,22474,23788,24609
1040,0,3897,16462,16462,16416,21294
1041,0,155,18556,18556,18566,17958
1042,0,10340,22091,22091,17185,21770
1043,0,1042,24585,24585,24580,23904
1044,0,3517,23514,23514,21662,16945
1045,0,11679,18208,18208,18524,15899
1046,0,3737,16528,16528,17016,16090
1047,0,4459,20394,20394,22177,18381
1048,0,4704,15493,15493,16335,17535
1049,32,7904,23891,20530,19812,24917
1050,0,5567,22604,22604,24386,18499
1051,0,10263,18784,18784,15839,18895
1052,96,14895,22656,18877,18515,23414
1053,0,9702,16531,16531,22458,15476
1054,0,9369,24470,24470,20130,26689
1055,0,14192,20015,20015,15956,17262
1056,0,14842,22969,22969,23210,21840
1057,236,13269,25561,16523,24449,21727
1058,0,4801,23096,23096,19241,24575
1059,0,6167,15992,15992,16003,17499
1060,0,11220,27380,27380,26968,26833
1061,0,6589,15149,15149,23380,24477
1062,42,12370,25525,25237,24717,25136
1063,0,5779,17996,17996,17995,18186
1064,66,10622,15625,18874,16048,25976
1065,0,971,16242,16242,15553,21797
1066,0,1352,26071,26071,26450,26942
1067,0,5682,15179,15179,15920,16962
1068,0,516,25167,25167,20454,23833
1069,0,12462,25140,25140,26459,21636
1070,0,7539,19874,19874,19171,25902
1071,0,1976,18380,18380,21290,16303
1072,0,5965,24102,24102,14966,18202
1073,0,13815,16349,16349,16350,19946
1074,0,602,24326,24326,26742,25088
1075,0,10481,16374,16374,15012,17379
1076,0,6998,16205,16205,15878,15895
1077,36,14777,19588,27704,23713,18276
1078,0,7139,27178,27178,27442,18618
1079,0,12144,25959,25959,26163,26407
1080,0,13541,24418,24418,22497,22205
1081,1,4835,25535,25541,25535,19015
1082,0,13777,17633,17633,24730,27161
1083,0,8483,22056,22056,19354,20532
1084,0,4973,19204,19204,15872,20526
1085,0,7931,19750,19750,18724,20352
1086,0,12501,20280,20280,15274,17732
1087,0,1012,27108,27108,27498,25517
1088,0,12781,26838,26838,23542,17715
1089,0,7483,24775,24775,24768,23382
1090,0,10405,23793,23793,18186,21614
1091,1,8454,18882,17417,18882,16514
1092,2,4307,20266,20345,20226,20266
1093,1,12123,27066,24945,27066,23575
1094,0,7691,16444,16444,16441,21219
1095,0,7938,18662,18662,19859,17819
1096,0,7069,22571,22571,26380,21017
1097,0,4053,18228,18228,18229,18227
1098,0,1643,20961,20961,23537,26328
1099,7,2059,20465,19290,16316,17641
1100,0,11028,24049,24049,25753,21883
1101,0,10335,21259,21259,21277,20819
1102,3,10190,27090,24326,26742,25088
1103,25,7124,26345,27560,27559,24555
1104,82,2776,24983,23958,27128,25196
1105,16,4866,25191,23495,25430,25278
1106,0,4839,19733,19733,25893,18670
1107,1,4007,26064,26063,26064,17848
1108,0,11156,24717,24717,25237,15888
1109,0,6943,17958,17958,19268,23891
1110,0,4832,23673,23673,27245,26922
1111,0,409,19088,19088,17166,16306
1112,0,6834,18360,18360,16844,15025
1113,5,1995,19481,18933,20681,20551
1114,0,9889,15056,15056,23132,23058
1115,0,12992,24913,24913,15448,15451
1116,0,12383,19307,19307,22235,20270
1117,0,12361,20151,20151,21727,26804
1118,1,97,22153,22152,22153,25915
1119,0,5405,15699,15699,17612,16343
1120,0,9781,19718,19718,20111,21884
1121,0,12236,19328,19328,16770,15476
1122,0,8253,26013,26013,27498,27327
1123,0,12612,16356,16356,16520,17895
1124,0,6750,21564,21564,24699,19656
1125,0,2909,21199,21199,20848,15895
1126,0,13297,17530,17530,16531,23563
1127,0,674,16441,16441,25522,23891
1128,0,14511,22680,22680,17385,17658
1129,39,6080,25716,25984,22602,18656
1130,0,7182,24411,24411,15795,21883
1131,0,6459,15749,15749,20643,20632
1132,0,2907,15104,15104,26741,16277
1133,15,5315,23763,19527,25167,23833
1134,0,10853,15462,15462,22705,25337
1135,0,10548,19960,19960,15880,20711
1136,0,4536,23350,23350,18413,22798
1137,0,12204,17011,17011,17008,17337
1138,157,220,25507,17557,25976,24219
1139,0,6046,26165,26165,26433,21589
1140,0,2217,16918,16918,19982,23675
1141,5,2426,18499,22059,16618,27430
1142,0,12124,18110,18110,18748,16070
1143,0,12048,25412,25412,26430,26407
1144,0,11840,19150,19150,21842,16826
1145,0,11210,27225,27225,27256,27243
1146,0,5370,23207,23207,22189,25195
1147,0,2405,18167,18167,16913,18578
1148,0,8857,25655,25655,26325,22535
1149,0,12557,24630,24630,21949,27132
1150,0,12250,26647,26647,25430,23977
1151,0,9003,17971,17971,24603,17973
1152,31,12588,26669,25679,24322,25178
1153,0,7888,19469,19469,18996,15504
1154,0,7026,17473,17473,15474,17790
1155,0,298,19769,19769,19718,24917
1156,1,836,26804,19594,26804,23983
1157,0,6964,25186,25186,22900,24511
1158,0,3323,21668,21668,23031,15307
1159,0,883,18207,18207,20755,20747
1160,0,7809,22075,22075,17807,21580
1161,0,5959,27448,27448,25222,24502
1162,0,8587,27131,27131,27128,27570
1163,0,2054,20464,20464,19290,17696
1164,0,11720,27211,27211,16940,18352
1165,0,5974,26236,26236,25378,26013
1166,0,5447,25629,25629,24102,20409
1167,1,13771,15451,22215,15451,21765
1168,0,7161,24135,24135,26521,25716
1169,0,8308,25865,25865,20130,21053
1170,0,13376,18266,18266,16109,17052
1171,0,14623,15110,15110,15111,15543
1172,135,13236,19219,20593,23572,15131
1173,0,8017,21974,21974,25920,26834
1174,0,8826,23537,23537,20961,24477
1175,0,89,15366,15366,16668,15120
1176,0,3216,15971,15971,18471,22517
1177,0,3856,25242,25242,27106,25517
1178,0,7786,26965,26965,27422,27498
1179,0,9540,15553,15553,16242,24819
1180,0,13536,20552,20552,21733,21999
1181,0,1807,27523,27523,26075,21520
1182,0,11535,22995,22995,24125,26732
1183,0,7915,22152,22152,22153,26192
1184,15,2834,26624,25920,24505,26834
1185,0,13557,17853,17853,17535,16989
1186,0,11821,24026,24026,24992,19489
1187,0,10812,19918,19918,18964,21857
1188,0,3346,22014,22014,16282,26865
1189,0,472,15159,15159,16857,17328
1190,0,4127,21948,21948,25589,23901
1191,0,12273,23254,23254,24234,20124
1192,2,2640,14956,18881,22765,14956
1193,0,8114,22539,22539,23015,22723
1194,0,5337,22962,22962,21426,25844
1195,0,9686,19701,19701,20003,24990
1196,0,7804,16439,16439,16438,15825
1197,0,13132,19493,19493,15018,15098
1198,0,3514,23445,23445,22307,21566
1199,0,4274,22378,22378,24816,17949
1200,0,640,23626,23626,24768,23382
1201,0,10118,17464,17464,15125,19281
1202,0,8686,22450,22450,20941,22278
1203,0,14678,18273,18273,18212,22166
1204,0,3393,24249,24249,23945,23946
1205,0,4329,25038,25038,23387,16616
1206,6,855,27422,24741,22636,26400
1207,0,5475,24965,24965,23476,24363
1208,0,1764,19861,19861,21053,24574
1209,0,433,17194,17194,25793,21986
1210,0,1496,25035,25035,23646,25227
1211,58,9855,24590,17349,24919,23976
1212,0,8947,21307,21307,19207,18289
1213,0,11165,16323,16323,17858,16683
1214,0,6062,22023,22023,17464,17463
1215,0,12093,18290,18290,18286,19207
1216,0,4106,19603,19603,20095,19926
1217,0,2419,16785,16785,22882,18220
1218,0,13274,27201,27201,21956,25300
1219,0,753,16668,16668,22882,18309
1220,0,5440,23977,23977,26647,23368
1221,0,13296,18629,18629,18449,15164
1222,0,3917,27192,27192,27513,27327
1223,0,1058,26061,26061,21781,23313
1224,0,13747,25218,25218,16520,26674
1225,0,6186,16622,16622,24429,19108
1226,0,12858,26992,26992,19046,27244
1227,10,14441,23615,24864,24472,27753
1228,0,13592,18820,18820,16960,15560
1229,0,3272,22418,22418,26380,24983
1230,31,4569,23966,18297,16918,23556
1231,0,13281,17379,17379,15155,17819
1232,2,8269,20003,17375,17374,20003
1233,0,13843,25170,25170,18152,19015
1234,0,7438,26726,26726,27046,26450
1235,0,12311,25760,25760,17563,25750
1236,1646,174,25339,25140,22581,26064
1237,75,11837,24801,24928,24346,25603
1238,0,1978,25195,25195,21648,24937
1239,0,6123,16488,16488,22133,22339
1240,0,4508,19147,19147,22581,23381
1241,0,2842,27327,27327,26585,27468
1242,0,5907,18254,18254,15453,27190
1243,0,2898,27465,27465,23133,26627
1244,0,4829,18570,18570,17190,19900
1245,5,4004,25755,24693,18572,18280
1246,0,5105,16238,16238,15474,17790
1247,0,1761,24574,24574,24575,23974
1248,0,4667,18998,18998,18931,15057
1249,0,13776,21412,21412,16967,25892
1250,0,8916,22637,22637,23766,18143
1251,0,1321,24721,24721,24552,24928
1252,0,12389,14962,14962,17328,15164
1253,0,6054,24699,24699,23650,21910
1254,0,9506,16013,16013,17775,23062
1255,0,8714,27014,27014,26573,25578
1256,0,5587,22800,22800,19204,15872
1257,0,2150,27190,27190,27527,27350
1258,0,13636,15907,15907,15741,15908
1259,0,7961,20181,20181,20182,20189
1260,0,12261,17724,17724,18241,16907
1261,0,4722,27598,27598,23229,24562
1262,0,2445,16606,16606,17922,17929
1263,0,12457,23239,23239,20044,17004
1264,0,8792,20273,20273,24042,20226
1265,4,565,23413,15996,19433,17643
1266,0,8376,21490,21490,17057,23106
1267,0,5968,18115,18115,16070,23058
1268,0,14634,15092,15092,17715,19967
1269,39,1598,16265,15996,19290,19433
1270,0,12907,15928,15928,26804,18724
1271,2,5401,26143,19686,14966,26143
1272,20,4847,23127,24580,26267,18220
1273,9,223,15131,23572,14951,15200
1274,0,668,23393,23393,16089,23395
1275,0,8349,21780,21780,24111,21737
1276,0,8905,19173,19173,16264,16515
1277,0,9017,17283,17283,16017,16683
1278,0,7207,20702,20702,20701,19794
1279,1,13415,23499,27698,23499,25819
1280,0,11008,18041,18041,23031,22582
1281,0,7192,17047,17047,25349,25820
1282,0,11514,27025,27025,26407,23395
1283,259,14764,25668,15900,21988,15149
1284,3,12598,23381,18452,19147,21239
1285,0,4632,17303,17303,19523,17306
1286,0,3824,16325,16325,15994,16323
1287,0,8695,18281,18281,24802,14979
1288,0,2602,20724,20724,20085,20088
1289,81,11334,20470,17335,18804,17641
1290,0,6866,17659,17659,23092,17767
1291,0,5469,27121,27121,25381,21621
1292,0,12103,22273,22273,24744,18647
1293,0,5061,15364,15364,18283,24221
1294,0,7506,24456,24456,17563,19406
1295,0,2693,17398,17398,16165,19016
1296,0,9010,25977,25977,16800,19999
1297,0,4949,16227,16227,16533,15100
1298,563,9044,27430,27296,27297,27303
1299,0,2579,18449,18449,23245,17147
1300,0,7114,18247,18247,22823,16172
1301,0,7858,21717,21717,23103,25208
1302,0,7225,19969,19969,21186,21188
1303,0,14559,24977,24977,17060,17554
1304,0,12433,22024,22024,15518,21290
1305,0,7941,17976,17976,23380,27424
1306,0,2575,22902,22902,22900,18041
1307,0,1605,18304,18304,16074,24736
1308,5,3447,17541,14966,18733,19686
1309,1576,2297,27479,27045,27457,27657
1310,0,14052,26915,26915,18626,27127
1311,2,9370,24081,24468,23976,24081
1312,0,7130,19466,19466,16273,17595
1313,0,13300,19981,19981,15905,22964
1314,1,11665,26791,23245,26791,18449
1315,0,8476,16799,16799,19419,19406
1316,0,6002,18309,18309,24375,18308
1317,0,3275,25235,25235,26063,26064
1318,0,1642,27270,27270,25797,18793
1319,0,6930,17323,17323,16909,21671
1320,0,4570,22778,22778,16452,22779
1321,3,9739,27744,15669,15282,25000
1322,40,4734,27510,19042,18895,25915
1323,0,4182,22048,22048,17185,15487
1324,0,12989,20125,20125,19212,25828
1325,0,12027,15074,15074,21748,18408
1326,0,3416,19168,19168,23688,17508
1327,0,1822,16504,16504,16145,19900
1328,0,4825,18724,18724,19164,25046
1329,0,5923,22492,22492,26874,22489
1330,0,11020,15617,15617,23347,22953
1331,1,138,15443,14999,15443,25251
1332,0,6197,18342,18342,25373,17441
1333,0,1802,17484,17484,14951,23572
1334,0,2346,24266,24266,27666,27488
1335,0,13199,18153,18153,18149,24864
1336,0,13649,20632,20632,20643,15749
1337,0,8630,24141,24141,15456,15282
1338,0,3686,24608,24608,16234,24610
1339,0,11430,25178,25178,25679,25343
1340,0,2590,17059,17059,27041,21148
1341,0,10742,27102,27102,19275,17957
1342,0,4480,24917,24917,19046,21804
1343,0,8412,26573,26573,27014,25771
1344,11,10907,17375,15456,25170,21592
1345,0,5053,24511,24511,23696,26013
1346,0,9912,21893,21893,22257,16520
1347,4,12829,25173,25300,20575,25678
1348,6,12506,23890,20759,19071,21290
1349,0,5668,25594,25594,22976,25303
1350,0,11636,25427,25427,19474,23091
1351,0,7460,21634,21634,25794,26533
1352,4,6900,20968,22515,19349,22235
1353,0,6259,16998,16998,20080,20606
1354,0,7996,16515,16515,16261,16511
1355,0,9118,18576,18576,16618,27430
1356,0,1896,18931,18931,16432,15625
1357,0,3858,27341,27341,27468,24965
1358,0,13137,26857,26857,23727,21499
1359,0,14741,15788,15788,27388,22797
1360,0,2306,21958,21958,23904,18220
1361,0,7238,19652,19652,24169,15839
1362,68,9011,23969,27045,27232,18792
1363,1604,14544,18170,22769,21184,25828
1364,2,13033,22497,22205,24418,22497
1365,0,2997,24342,24342,25169,23214
1366,1,11830,17706,23881,17706,16754
1367,0,14297,27264,27264,27172,26796
1368,0,2420,21095,21095,24326,21470
1369,0,9684,26063,26063,26064,17848
1370,0,13159,24468,24468,18511,23976
1371,0,7461,18594,18594,15657,18595
1372,0,5292,18679,18679,17995,20044
1373,0,11734,20088,20088,20085,20724
1374,1,10109,27243,25598,27243,27256
1375,0,13406,18515,18515,24786,22656
1376,0,6556,26775,26775,20316,19172
1377,0,6913,21295,21295,17640,19901
1378,0,1295,22823,22823,24434,23443
1379,0,3730,22312,22312,22309,22582
1380,0,8015,15996,15996,23413,22133
1381,0,2452,24555,24555,26345,24511
1382,0,1824,22592,22592,17440,19812
1383,0,14171,18624,18624,21646,18802
1384,0,5145,21458,21458,26345,21744
1385,5,11110,16754,23881,17706,17844
1386,4,6747,15456,19989,19994,23119
1387,0,6847,21467,21467,21470,21095
1388,0,65,27197,27197,27271,26144
1389,0,4430,25299,25299,16671,22450
1390,0,5659,15407,15407,14976,14968
1391,10,8952,25758,23820,25603,25525
1392,0,5538,26897,26897,20934,18000
1393,0,1087,20044,20044,23239,22235
1394,0,7616,27477,27477,26813,27638
1395,0,6854,20256,20256,19690,19338
1396,0,5819,25046,25046,25629,25683
1397,0,252,27126,27126,25968,25412
1398,0,9184,18953,18953,21737,18503
1399,0,9164,21129,21129,21030,24621
1400,1,10102,20484,19785,20484,16350
1401,0,1243,27004,27004,25458,26890
1402,0,132,20409,20409,19206,16383
1403,10,7274,20999,25300,25362,19011
1404,6,5385,27475,15130,14973,17149
1405,0,4545,15747,15747,15087,18301
1406,0,1897,24787,24787,21228,19831
1407,0,11413,21873,21873,21876,23970
1408,26,14310,20223,19121,20425,19191
1409,0,6933,16072,16072,21017,26380
1410,0,10915,23646,23646,21910,23366
1411,0,4594,22997,22997,15871,20510
1412,17,1867,24552,27759,27761,25808
1413,0,13602,19098,19098,22654,17630
1414,0,864,17792,17792,17725,25504
1415,0,7427,20231,20231,19663,18738
1416,0,9433,21751,21751,23562,23561
1417,0,6106,26075,26075,26076,19948
1418,0,3173,27010,27010,19474,23091
1419,0,7816,18283,18283,24590,18297
1420,0,4455,27710,27710,17567,26615
1421,0,9572,23095,23095,22159,18556
1422,0,1756,21241,21241,17060,17038
1423,7,12022,17762,20968,16864,24337
1424,0,7670,17082,17082,18297,23744
1425,0,4679,25304,25304,19554,21693
1426,0,1201,25050,25050,24737,24312
1427,0,14292,19516,19516,20643,20389
1428,0,1508,15130,15130,14973,17866
1429,210,14776,27122,23620,26804,27245
1430,0,6794,25501,25501,22309,22312
1431,0,908,19812,19812,26732,18794
1432,0,9577,25303,25303,23299,20910
1433,10,617,17248,17249,15540,15537
1434,1,14701,25089,26660,25089,23702
1435,0,13698,24389,24389,23299,20910
1436,0,8734,23204,23204,24011,24081
1437,42,12928,23734,25021,16282,23081
1438,0,1527,21636,21636,25525,24914
1439,0,9400,16893,16893,21598,15487
1440,2,12545,20910,23976,24580,20910
1441,0,11498,22473,22473,26899,26013
1442,3,8445,27657,27045,27670,27457
1443,0,2261,18587,18587,16582,16993
1444,0,14139,21840,21840,25089,23502
1445,0,7974,21903,21903,17742,23189
1446,0,2024,17807,17807,21581,19268
1447,0,635,15171,15171,14955,25089
1448,0,6608,17949,17949,26451,22378
1449,1,5513,23356,17010,23356,18846
1450,0,6392,18793,18793,22983,26017
1451,32,14122,22652,22023,22024,23380
1452,0,6895,20575,20575,22059,16725
1453,2,11057,25627,26019,23651,25627
1454,0,11050,19994,19994,19989,17375
1455,0,270,24901,24901,27488,24161
1456,0,4922,22876,22876,22768,22928
1457,0,7245,22389,22389,22390,25300
1458,0,4245,17801,17801,15372,22936
1459,6,8877,25115,25603,24346,24928
1460,1,10096,26395,26871,26395,18734
1461,6,8250,18511,24476,23079,24061
1462,33,1388,15577,15531,22719,24995
1463,0,8859,16109,16109,18266,17263
1464,0,9348,26544,26544,24574,21053
1465,0,6817,19171,19171,22505,19874
1466,0,9031,22661,22661,25683,22552
1467,0,9078,23475,23475,19182,17986
1468,0,6879,22390,22390,23106,22389
1469,0,4936,22366,22366,21594,25198
1470,0,9222,21797,21797,23793,18115
1471,0,2995,21176,21176,20389,20386
1472,0,5343,15410,15410,16313,16518
1473,0,12646,18939,18939,18946,23190
1474,0,12345,26874,26874,23187,22450
1475,2,656,27756,24693,27728,27756
1476,0,11390,22970,22970,19108,26548
1477,0,10419,23472,23472,21896,17655
1478,0,9051,23300,23300,17126,19973
1479,0,4497,20605,20605,18936,18448
1480,2,4437,19303,23396,24841,19303
1481,0,12310,22224,22224,23923,16797
1482,372,6138,24308,18804,23413,23562
1483,15,2836,21843,21470,21095,19641
1484,0,6767,21399,21399,15161,24169
1485,0,8690,24575,24575,24574,23096
1486,0,2561,16303,16303,19481,18380
1487,0,9705,25564,25564,24271,24182
1488,0,9658,26121,26121,26992,25629
1489,0,4665,27046,27046,26726,26450
1490,0,6540,19845,19845,20189,21257
1491,1,8094,22797,27475,22797,18579
1492,13,3521,15185,23572,23582,15200
1493,0,5692,20731,20731,19861,24560
1494,0,12054,16313,16313,17564,16777
1495,0,10665,24924,24924,25174,23651
1496,3,10679,27323,22688,27322,21804
1497,0,10945,17655,17655,23544,23987
1498,0,1545,21793,21793,17510,22244
1499,0,2566,26922,26922,16671,27127
1500,0,885,19361,19361,21358,21435
1501,0,2235,27608,27608,25847,27644
1502,0,6411,24736,24736,17563,25760
1503,0,13501,17709,17709,25391,17708
1504,0,12344,23079,23079,19848,17818
1505,0,2439,19796,19796,16843,23160
1506,0,2545,26834,26834,25920,21974
1507,4,11675,17463,16416,23040,21294
1508,0,2180,23494,23494,19303,23396
1509,1,2222,22388,22389,22388,25678
1510,50,4151,27399,26232,27538,26631
1511,1,10153,18011,17172,18011,16165
1512,0,3142,24731,24731,20941,24744
1513,1,1492,17227,17249,17227,15537
1514,0,9431,24034,24034,25442,21074
1515,16,3979,24519,25300,25522,21949
1516,0,14372,16022,16022,16013,22725
1517,0,920,15518,15518,21290,20280
1518,7,8140,17711,17653,25976,25000
1519,0,10286,23103,23103,21671,24447
1520,0,3019,21830,21830,25561,26152
1521,0,1040,23946,23946,17499,24249
1522,1,2114,17595,21294,17595,15764
1523,0,7692,18566,18566,18565,23891
1524,0,903,20419,20419,20418,24069
1525,0,595,21006,21006,21843,20532
1526,0,6628,27194,27194,26239,25739
1527,2,7076,27738,23366,16639,27738
1528,0,10448,18670,18670,18882,26521
1529,4,3127,26548,23396,19303,22878
1530,0,5381,23113,23113,27041,19982
1531,0,5388,23352,23352,21589,24048
1532,0,269,17405,17405,26051,26262
1533,0,2167,24505,24505,27547,26515
1534,0,9008,17334,17334,17444,16182
1535,5,4740,19207,21308,16908,18286
1536,0,9439,17320,17320,21732,23502
1537,2,12026,23620,27122,25310,23620
1538,0,3694,21148,21148,27041,23966
1539,0,184,20311,20311,23146,15960
1540,0,1101,24609,24609,23788,22474
1541,0,7864,16432,16432,26804,22705
1542,0,12101,17349,17349,24919,24434
1543,1,11025,16264,19173,16264,18856
1544,0,11483,26183,26183,25796,26181
1545,0,14787,21505,21505,22075,17541
1546,3,1597,17643,17801,15996,19433
1547,16,9773,25578,16088,16087,20953
1548,0,2271,17640,17640,26857,19442
1549,0,7111,19665,19665,26143,25285
1550,0,4554,24788,24788,24125,17440
1551,0,3705,18343,18343,19250,22995
1552,0,8641,19682,19682,22297,22616
1553,0,3425,18289,18289,21307,16594
1554,0,9416,19584,19584,19585,22259
1555,6,4530,18014,20039,26451,17949
1556,8,13446,20630,19481,20178,20635
1557,0,11299,24301,24301,27192,24511
1558,0,5845,20126,20126,24853,18891
1559,0,2342,25349,25349,18709,17047
1560,160,6136,27445,21621,27350,26557
1561,1,6833,18229,18228,18229,16540
1562,0,309,22720,22720,24983,23847
1563,0,4206,22878,22878,23396,24841
1564,0,8592,27520,27520,21621,27128
1565,0,13687,17612,17612,20348,17606
1566,0,4634,18404,18404,18403,19169
1567,0,6029,19967,19967,16265,22797
1568,0,10265,23979,23979,24375,27448
1569,0,7847,17742,17742,16616,23387
1570,0,14821,18643,18643,15476,15048
1571,0,13600,16760,16760,18015,25722
1572,0,7578,24048,24048,24621,20130
1573,0,6192,22517,22517,25779,20352
1574,0,5690,26192,26192,27341,19169
1575,0,4736,15591,15591,15493,20015
1576,2,14922,27708,22653,23972,27708
1577,0,5325,24856,24856,19701,25915
1578,0,6957,16733,16733,16945,16448
1579,0,13928,23700,23700,17387,19042
1580,0,11943,19275,19275,27102,17957
1581,1,12908,24914,25525,24914,21636
1582,0,4592,21638,21638,25111,23819
1583,0,6292,17973,17973,19403,17971
1584,0,4771,18202,18202,23920,21531
1585,0,13336,24237,24237,24286,20484
1586,0,2343,21606,21606,17719,17696
1587,0,3074,26380,26380,21053,25865
1588,0,11950,23231,23231,21884,25367
1589,0,6404,24324,24324,24746,16153
1590,0,2687,19592,19592,16130,19322
1591,0,5561,18656,18656,18792,16425
1592,0,5728,22478,22478,24737,24312
1593,0,9691,26631,26631,24965,25589
1594,0,13750,18060,18060,19489,27245
1595,0,11927,22848,22848,24630,26387
1596,0,6360,20807,20807,20861,20869
1597,0,12349,24011,24011,23204,23299
1598,0,13516,17295,17295,19053,20451
1599,7,7608,25808,25787,25603,24928
1600,8,14381,23457,22653,25089,20543
1601,0,5005,20883,20883,21428,17422
1602,0,12743,26589,26589,18881,14997
1603,0,11977,20022,20022,16614,18592
1604,0,11258,24633,24633,27782,25796
1605,0,6721,21978,21978,15571,18961
1606,1,5254,22769,27211,22769,25976
1607,2,6327,25222,26230,17361,25222
1608,1,10161,24744,24731,24744,21910
1609,0,8763,26786,26786,25726,22160
1610,2,927,20772,20777,20765,20772
1611,0,5676,18146,18146,18143,25362
1612,0,6198,20057,20057,18110,25893
1613,0,1326,21949,21949,24788,19948
1614,0,7745,25012,25012,26548,27114
1615,0,8944,27124,27124,26290,26137
1616,0,14318,19033,19033,19386,19161
1617,0,9393,17768,17768,19753,16820
1618,0,9097,18448,18448,22999,20605
1619,0,7654,24580,24580,24585,23299
1620,0,4032,25210,25210,24447,21873
1621,0,293,23481,23481,23381,15487
1622,0,986,15386,15386,14991,14999
1623,0,1639,22406,22406,25265,17949
1624,0,6931,16909,16909,17323,21671
1625,1,10425,17172,18011,17172,26569
1626,0,7055,26289,26289,20920,27495
1627,23,10856,24477,23537,20961,25726
1628,0,12166,18063,18063,16669,17147
1629,0,7650,16506,16506,22458,16531
1630,0,2368,19250,19250,18343,18202
1631,0,10114,16648,16648,16934,19652
1632,1,2843,15423,17952,15423,16273
1633,0,12947,23301,23301,21575,24399
1634,15,2483,26590,24816,17949,16958
1635,0,8698,15003,15003,20500,22371
1636,1,2770,23169,15902,23169,19828
1637,0,13850,21275,21275,15518,22800
1638,0,7188,24768,24768,24775,23626
1639,0,6373,16540,16540,17719,25501
1640,0,5386,16065,16065,16794,15042
1641,0,5295,15177,15177,23581,21584
1642,0,13542,21108,21108,21399,16952
1643,0,14704,24786,24786,22656,18513
1644,0,8169,19164,19164,15942,18724
1645,0,10903,20848,20848,20859,20323
1646,2,13980,26891,25278,24928,26891
1647,27,3199,21598,17801,22936,26865
1648,48,14684,23614,20015,18961,25623
1649,0,7063,23399,23399,24537,25349
1650,0,12815,18626,18626,23727,21499
1651,0,13971,23387,23387,16616,25689
1652,0,12117,23336,23336,17905,23702
1653,0,2863,19785,19785,20484,19147
1654,0,12644,17954,17954,17110,17957
1655,3,9895,27045,27670,27457,27657
1656,65,10873,18337,18278,17762,18276
1657,0,13311,23526,23526,22224,27203
1658,0,6527,24095,24095,24822,27488
1659,0,8014,20855,20855,20400,23744
1660,25,834,27504,23958,27270,26752
1661,0,9157,27527,27527,27272,25196
1662,1,10715,24354,24352,24354,26976
1663,0,8150,20747,20747,20755,27015
1664,0,96,15241,15241,17952,19466
1665,196,10545,25803,22684,22682,18033
1666,1,120,27271,27197,27271,26144
1667,0,2142,20669,20669,18781,20551
1668,0,8125,14976,14976,14968,16265
1669,0,1400,25196,25196,24716,25687
1670,0,8985,18508,18508,15674,16940
1671,63,281,23248,22582,27132,24960
1672,0,8954,25820,25820,27422,18793
1673,0,5617,16042,16042,19618,20389
1674,1340,14830,19071,25716,19121,17250
1675,0,6873,22235,22235,26590,25749
1676,0,8504,15141,15141,15138,16039
1677,0,9981,25015,25015,19244,23366
1678,0,2214,17413,17413,25015,25779
1679,0,13130,16635,16635,17227,15731
1680,4,1223,25134,27527,25687,27272
1681,0,5905,26913,26913,26909,23070
1682,0,3640,21788,21788,26622,26638
1683,0,13859,17925,17925,17937,17922
1684,0,5781,18454,18454,20772,21286
1685,0,13781,15042,15042,26739,14973
1686,0,45,19658,19658,19259,21490
1687,0,7370,25956,25956,16398,24721
1688,24,7101,18212,19001,15731,20425
1689,0,7468,26813,26813,27477,23229
1690,0,1323,16962,16962,15179,24590
1691,18,10503,24864,23327,25115,25519
1692,0,8385,21813,21813,21820,22091
1693,0,2786,24896,24896,25344,15693
1694,1,13082,22573,22659,22573,24658
1695,0,4201,15956,15956,21920,17535
1696,0,12155,24857,24857,24630,22514
1697,0,4358,15920,15920,16050,15179
1698,0,1237,18043,18043,16898,15106
1699,0,1670,19042,19042,20316,17398
1700,0,10435,22758,22758,25749,24537
1701,0,8133,21167,21167,18308,20389
1702,23,3033,20162,18499,22891,22713
1703,615,9513,26267,21897,27161,26191
1704,0,11481,16777,16777,16313,17564
1705,0,8648,24108,24108,19848,16250
1706,0,11046,23551,23551,25462,23542
1707,0,9173,15544,15544,18283,18220
1708,445,14849,18402,17973,21893,17578
1709,0,2987,23581,23581,15612,15544
1710,57,9670,16292,17398,19799,19588
1711,2,2611,21570,22597,21566,21570
1712,12,6715,26757,26357,23651,25174
1713,0,5966,22856,22856,22450,20938
1714,0,6949,18019,18019,15021,14991
1715,0,9446,25166,25166,25929,21634
1716,1,921,20941,21804,20941,19548
1717,0,421,27537,27537,27595,24562
1718,0,2775,22160,22160,26511,26220
1719,5,6277,26664,25925,26828,26239
1720,0,488,23331,23331,23650,20938
1721,0,10706,24174,24174,25237,26674
1722,0,4970,22489,22489,21111,22492
1723,0,8702,26725,26725,25186,25050
1724,0,966,19831,19831,26815,24787
1725,0,3663,14991,14991,14999,15021
1726,0,742,25638,25638,27424,27539
1727,0,8922,16727,16727,16325,15496
1728,0,13854,21977,21977,17844,16754
1729,0,6041,17021,17021,18667,20564
1730,0,7831,23618,23618,18618,22650
1731,1,1422,25441,25143,25441,26134
1732,0,7178,26539,26539,24562,24869
1733,0,4851,23031,23031,22582,21668
1734,0,2374,24932,24932,21671,22278
1735,0,6534,18277,18277,18276,18278
1736,4,10470,23582,14956,18694,15237
1737,0,13527,26942,26942,19442,26071
1738,0,3434,17440,17440,23160,19948
1739,0,2469,15560,15560,16303,19481
1740,1,8615,15895,20843,15895,20400
1741,0,8291,23370,23370,25742,16452
1742,0,12720,23251,23251,24933,24386
1743,0,10864,24554,24554,24447,22638
1744,0,1371,24232,24232,19349,22705
1745,0,10883,24168,24168,26517,25959
1746,0,2001,21225,21225,24621,22928
1747,0,6087,18079,18079,18961,20080
1748,0,11607,22587,22587,23615,23614
1749,0,7003,25117,25117,26913,26172
1750,0,9754,26400,26400,21989,20130
1751,33,7508,27132,23393,16089,23395
1752,0,11468,16074,16074,23976,17563
1753,4,11553,23318,18321,24073,18323
1754,0,3117,24923,24923,23189,21655
1755,0,3778,22798,22798,16898,18043
1756,0,4525,18738,18738,19663,20246
1757,7,9557,26163,26407,25174,23395
1758,0,6398,19881,19881,17057,16444
1759,0,11716,23089,23089,27145,24415
1760,0,2720,26451,26451,22406,22378
1761,0,4857,17760,17760,21737,23132
1762,0,12245,18331,18331,17531,27113
1763,0,9376,21998,21998,21999,20552
1764,2,2299,21765,23350,21762,21765
1765,0,4890,18221,18221,20080,17659
1766,2,8856,26068,25310,24447,26068
1767,0,7098,22700,22700,19585,22891
1768,0,5661,21722,21722,18836,20562
1769,0,13192,17765,17765,16826,23692
1770,0,10414,27481,27481,27737,27271
1771,1,14727,19196,23107,19196,16715
1772,0,7857,23847,23847,24555,18793
1773,4,9420,17149,14973,15015,15130
1774,0,6400,24375,24375,23979,21655
1775,315,9082,16940,18352,23713,26430
1776,0,11289,18437,18437,15244,25712
1777,0,197,20366,20366,26865,15960
1778,0,14385,23852,23852,25750,21575
1779,0,5689,25743,25743,26992,26121
1780,0,8868,15827,15827,16435,15825
1781,0,11967,27261,27261,27071,27252
1782,0,8306,27230,27230,27045,23331
1783,1,11584,19121,19191,19121,20425
1784,2,1826,18227,18229,18228,18227
1785,0,3885,26577,26577,26017,26400
1786,0,4635,26152,26152,21830,25561
1787,0,5107,27633,27633,22435,22432
1788,1,9196,25712,18241,25712,23223
1789,0,1726,19322,19322,23433,17250
1790,0,13351,18513,18513,22656,24786
1791,1,4145,17422,17807,17422,25195
1792,0,13612,18357,18357,15274,23573
1793,0,6849,21244,21244,20223,20893
1794,0,2694,24042,24042,22665,20273
1795,0,14237,20947,20947,15155,22458
1796,57,14950,25213,23499,25819,19219
1797,0,9463,26807,26807,18694,23248
1798,0,9587,19342,19342,19341,18902
1799,61,6315,25381,27608,25847,27644
1800,2,11980,23305,27698,23922,23305
1801,1,5762,20607,20606,20607,23464
1802,0,4003,16163,16163,15540,17249
1803,0,11000,22173,22173,25709,27744
1804,0,7340,25101,25101,25050,25670
1805,0,4681,24130,24130,22405,21340
1806,0,104,24816,24816,22378,26451
1807,2,8185,18694,20883,22243,18694
1808,0,8736,21137,21137,24811,22991
1809,0,11865,16657,16657,23692,17815
1810,0,11445,15842,15842,18337,15164
1811,0,2741,23554,23554,18283,23581
1812,0,14172,17139,17139,17133,22300
1813,0,14567,20543,20543,23457,25089
1814,0,2698,26884,26884,25270,24470
1815,0,11644,15432,15432,25809,18365
1816,0,10249,18961,18961,18962,19315
1817,0,10183,16582,16582,21775,21963
1818,0,9554,23649,23649,23331,20941
1819,295,5717,15069,26786,23457,19182
1820,0,5512,23191,23191,25654,23331
1821,0,321,21475,21475,22535,17476
1822,136,14286,27752,16292,17293,27753
1823,0,4214,21228,21228,24787,19831
1824,0,10466,21296,21296,16799,21283
1825,0,10727,22082,22082,21211,20286
1826,0,9736,23132,23132,26925,24049
1827,0,10418,27296,27296,27299,27297
1828,0,2376,23675,23675,23205,27041
1829,0,1996,18143,18143,15218,21804
1830,2,13842,27127,26915,18626,27127
1831,0,12640,19690,19690,21737,21738
1832,0,3122,21358,21358,25865,22405
1833,11,6744,18804,19838,17655,20718
1834,0,2620,25739,25739,26239,22165
1835,0,2436,16438,16438,16435,15825
1836,1,14444,19901,15543,19901,23457
1837,0,11011,19172,19172,15942,17422
1838,0,11794,18861,18861,23391,24423
1839,0,3973,26890,26890,21030,21053
1840,0,3602,16945,16945,16733,16448
1841,0,5546,17249,17249,15122,23040
1842,0,6135,18433,18433,20178,20635
1843,0,10685,18533,18533,27041,24375
1844,0,1533,25794,25794,21634,26450
1845,0,12638,18452,18452,21239,15969
1846,0,794,15114,15114,27045,16639
1847,1,14583,22458,16506,22458,15499
1848,0,12734,17444,17444,15899,21868
1849,1,13720,19404,17728,19404,23457
1850,383,9401,24337,24232,24448,22235
1851,0,906,24504,24504,25122,21598
1852,0,839,22535,22535,26069,21475
1853,4,13108,16523,17417,16283,15138
1854,0,8980,27362,27362,16291,27192
1855,7,9207,25793,26357,22153,16441
1856,1,5656,24696,26304,24696,23820
1857,1,10216,24610,24608,24610,24605
1858,0,1104,16212,16212,15674,24448
1859,0,9609,17848,17848,26063,26150
1860,0,211,15352,15352,15354,15372
1861,0,6318,26008,26008,24255,20481
1862,0,9602,20606,20606,20080,23081
1863,0,4836,26899,26899,22473,26013
1864,2,13241,26754,23079,24476,26754
1865,0,2300,20701,20701,20702,15750
1866,1275,1370,25679,25076,15192,27173
1867,0,963,18842,18842,20366,23464
1868,0,8077,15753,15753,18139,18280
1869,0,496,16852,16852,15423,15132
1870,0,7615,22999,22999,18448,19937
1871,0,13457,25895,25895,23443,21804
1872,0,11944,24506,24506,24125,24069
1873,0,5835,15192,15192,23903,25310
1874,43,544,27737,27436,27752,20034
1875,5,6735,19191,19386,19033,19419
1876,0,13085,21520,21520,17018,16070
1877,0,9095,21236,21236,19897,21054
1878,0,6207,22442,22442,17626,27158
1879,0,7059,26850,26850,21581,21648
1880,0,6734,25337,25337,22705,19779
1881,0,11315,21128,21128,27479,17010
1882,0,3530,21880,21880,21881,19307
1883,0,4290,18100,18100,25348,22794
1884,0,6666,26815,26815,26243,24560
1885,0,1505,18968,18968,18967,20564
1886,115,1294,17226,23572,20593,17866
1887,0,1646,21910,21910,20938,22854
1888,0,7025,18220,18220,22882,21655
1889,0,12892,17055,17055,17263,16109
1890,0,9940,26450,26450,25868,26533
1891,0,7731,16232,16232,25367,21357
1892,1,7767,26739,17226,26739,15883
1893,0,7271,22771,22771,23514,25724
1894,0,12909,25753,25753,26804,24411
1895,3,4034,27488,26585,27327,26542
1896,0,946,24861,24861,20731,18825
1897,10,5221,25353,20731,24560,26165
1898,1,3210,25227,25035,25227,23646
1899,0,4117,18949,18949,15305,15304
1900,0,6624,26257,26257,27041,23556
1901,0,13140,20750,20750,24831,19016
1902,0,10211,18996,18996,19469,20085
1903,0,2129,24191,24191,23738,20454
1904,0,7722,25428,25428,25427,22434
1905,2,6576,23988,27388,22339,23988
1906,0,8796,24399,24399,18508,23891
1907,0,12867,20909,20909,24992,18530
1908,0,4312,27244,27244,19571,23403
1909,0,7679,23788,23788,24582,24609
1910,0,1993,15216,15216,17385,21674
1911,29,5628,18792,16292,27475,23562
1912,0,9133,23085,23085,25561,19101
1913,0,3673,22051,22051,17508,25854
1914,2,7695,15669,19057,23578,15669
1915,0,306,15606,15606,18793,23476
1916,35,13084,25689,25623,19219,23922
1917,9,13701,24737,18894,17387,27107
1918,0,9443,16017,16017,17283,16820
1919,183,4876,17115,15443,22638,22680
1920,0,1855,20551,20551,17730,20663
1921,0,12763,22787,22787,26982,24162
1922,0,987,25654,25654,21522,17629
1923,2,10361,24169,23572,23562,24169
1924,0,11824,18530,18530,24992,26925
1925,6,7600,15282,19404,17867,20058
1926,0,5271,23277,23277,25614,20530
1927,0,8638,17679,17679,17678,16039
1928,0,8643,19262,19262,22995,21783
1929,0,2743,25776,25776,27046,21762
1930,60,9153,23123,26891,25787,25603
1931,0,12315,25894,25894,26068,27025
1932,0,8040,20564,20564,21910,18146
1933,0,5172,22688,22688,27323,23106
1934,30,10639,25522,23248,18096,23037
1935,0,10931,26535,26535,24603,24730
1936,0,1451,25208,25208,23562,21751
1937,0,5189,23146,23146,26865,16582
1938,0,4920,18982,18982,25445,18228
1939,0,13424,17696,17696,25258,21998
1940,0,14073,17678,17678,17679,16039
1941,0,2656,17328,17328,15159,14962
1942,45,332,25976,15200,23169,25742
1943,0,10781,19897,19897,24255,22891
1944,0,12229,22508,22508,19121,19191
1945,0,3300,16525,16525,20953,17016
1946,0,14606,24853,24853,20126,21188
1947,0,5250,16618,16618,22243,17337
1948,0,6024,19016,19016,19011,24831
1949,0,7291,21984,21984,21648,22582
1950,7,4495,23380,17405,23537,26051
1951,1,9043,23119,15456,23119,25170
1952,155,7138,25367,18792,25578,24992
1953,59,13183,17325,16883,23414,16684
1954,0,13093,16416,16416,21294,17595
1955,0,8883,16067,16067,16066,19478
1956,0,5423,24346,24346,16398,25278
1957,1,6649,20226,17415,20226,20266
1958,0,11347,22682,22682,25892,25173
1959,55,6779,17578,25828,20125,19799
1960,0,13652,17306,17306,20615,17303
1961,0,7066,23722,23722,24375,18309
1962,0,11886,24205,24205,22913,25169
1963,1,6572,26925,25504,26925,26796
1964,0,12653,16824,16824,18587,26865
1965,0,4503,15200,15200,24375,23572
1966,0,6662,27158,27158,23091,22442
1967,5,13792,22327,23975,26262,24061
1968,0,3541,19656,19656,21564,17403
1969,2,12034,21794,22964,19797,21794
1970,0,7261,20246,20246,19873,19663
1971,22,11213,20454,24191,23327,25430
1972,0,6577,24027,24027,25432,24555
1973,0,1155,23189,23189,17082,16936
1974,0,3176,24352,24352,24354,26976
1975,0,12642,26871,26871,20251,26395
1976,0,9436,15565,15565,17029,15571
1977,0,5748,18323,18323,18321,24073
1978,0,11969,24643,24643,24644,27623
1979,0,196,22298,22298,18966,18297
1980,0,13233,19958,19958,18483,15314
1981,0,3938,16958,16958,24995,24816
1982,0,6947,16398,16398,24205,23815
1983,52,5202,23368,25519,23495,25623
1984,169,9518,23223,23582,15200,16432
1985,0,4364,17767,17767,19205,17765
1986,0,11339,15057,15057,18931,18998
1987,0,5665,25296,25296,27207,23652
1988,0,14734,21986,21986,25793,25445
1989,0,5302,14968,14968,14976,15104
1990,145,8171,27388,16640,18656,26674
1991,0,14021,23806,23806,18802,25089
1992,0,13346,15716,15716,17606,17612
1993,0,1358,15122,15122,18666,23438
1994,0,6692,16898,16898,16887,18437
1995,0,12135,22542,22542,21094,26548
1996,0,14781,22300,22300,17135,22299
1997,0,14041,18534,18534,18532,16765
1998,0,5137,27112,27112,21804,22389
1999,79,7061,22715,22891,19858,24255
2000,0,2298,21124,21124,20937,16072
2001,0,7921,22900,22900,22902,25186
2002,0,14413,24321,24321,16907,16858
2003,0,8956,20938,20938,24568,24630
2004,0,13318,18970,18970,21286,17293
2005,0,1016,20286,20286,24337,24337
2006,25,14949,22602,19588,27475,22215
2007,0,1361,19259,19259,24568,15443
2008,0,4322,20076,20076,22648,18733
2009,0,6005,16172,16172,20852,17286
2010,0,3741,16283,16283,24107,21648
2011,0,368,19241,19241,21054,22995
2012,0,5797,18727,18727,26922,17004
2013,0,8890,19605,19605,19607,19262
2014,0,14149,18581,18581,16099,27708
2015,0,6862,23920,23920,25258,17696
2016,0,4873,18297,18297,23189,24375
2017,183,9204,21674,17653,15282,17630
2018,22,5783,18365,19206,22798,17523
2019,3,7264,25603,26891,24928,25787
2020,5,14296,26328,22666,16250,24061
2021,0,7367,23766,23766,22637,24434
2022,0,7392,18855,18855,19663,19873
2023,0,5260,22355,22355,22391,23580
2024,0,4250,20920,20920,26289,25902
2025,0,9623,21277,21277,20819,21259
2026,0,8487,21896,21896,21737,23472
2027,3,556,27344,23946,23945,23937
2028,3,1088,25915,24856,19701,17360
2029,89,12351,23495,26726,25136,25459
2030,0,10650,21257,21257,16148,22458
2031,3,2199,25984,26193,16993,22083
2032,0,4646,17052,17052,17055,21611
2033,0,1428,21454,21454,21225,24621
2034,0,13126,20643,20643,20632,15749
2035,0,5468,24831,24831,20750,24856
2036,0,8999,22485,22485,21567,21790
2037,0,4422,17510,17510,23299,21911
2038,0,6489,24593,24593,26226,22983
2039,0,5866,25445,25445,25793,23464
2040,0,2143,21991,21991,18751,24119
2041,0,10713,24310,24310,23190,20564
2042,0,2688,15809,15809,21308,19207
2043,0,11062,27647,27647,27327,18793
2044,0,4814,19629,19629,22435,22432
2045,0,9142,23160,23160,18457,18724
2046,0,10821,26976,26976,24352,26975
2047,0,187,17235,17235,18458,23922
2048,0,12563,26694,26694,25517,27106
2049,0,3933,23587,23587,19658,19881
2050,0,14724,16099,16099,27708,15499
2051,3,5210,25898,18100,25348,22794
2052,0,113,20530,20530,24130,25012
2053,0,14013,24307,24307,18308,24308
2054,1,1977,26496,26495,26496,26497
2055,1,1345,25416,17666,25416,19404
2056,0,11898,20955,20955,26796,19031
2057,1,13515,18524,18208,18524,23702
2058,2,6526,23987,23649,19779,23987
2059,33,13208,25237,24928,24346,25603
2060,0,12406,19856,19856,17932,20132
2061,111,14343,19799,16292,24864,15577
2062,0,9106,19982,19982,23966,23675
2063,0,6395,18186,18186,17996,17995
2064,0,2237,19097,19097,27350,26017
2065,0,13284,25076,25076,24924,18626
2066,0,11259,20230,20230,19054,22235
2067,0,454,16861,16861,18724,23084
2068,0,1567,26837,26837,27128,27786
2069,0,9465,26325,26325,21475,25655
2070,0,6193,18836,18836,18794,20889
2071,0,10143,21159,21159,20035,18301
2072,0,2877,23195,23195,23976,23299
2073,0,5299,23563,23563,23039,17530
2074,0,12927,26627,26627,27570,24593
2075,1,3548,25844,19733,25844,27233
2076,0,6487,26918,26918,23495,25519
2077,0,10610,25560,25560,21435,22571
2078,0,3661,18751,18751,21883,19873
2079,5,5522,22215,18840,15669,16940
2080,0,1135,23084,23084,23085,22891
2081,0,9502,17010,17010,22715,27479
2082,0,58,14955,14955,15087,15171
2083,0,6105,26076,26076,26075,19948
2084,0,9927,18445,18445,16682,21497
2085,0,3698,15118,15118,21286,21283
2086,0,12702,23293,23293,23443,27782
2087,0,4971,21290,21290,21257,22024
2088,0,1192,26793,26793,26585,27600
2089,0,14281,16647,16647,15122,16648
2090,1,1246,18565,18553,18565,18566
2091,0,847,16088,16088,16087,16090
2092,0,14336,23045,23045,23988,20630
2093,0,4706,23607,23607,15218,22497
2094,0,11286,20678,20678,20683,20679
2095,12,8991,22895,24580,20910,23904
2096,0,11953,18139,18139,15753,18056
2097,0,3634,21094,21094,21095,19108
2098,1,3423,18649,23148,18649,15432
2099,0,5306,16316,16316,15352,25979
2100,0,3735,22159,22159,23095,22854
2101,0,7425,18545,18545,18626,26915
2102,0,4966,20510,20510,20521,20526
2103,0,3130,23047,23047,25787,26891
2104,4,6231,26171,22778,16452,26925
2105,0,10264,24582,24582,24368,23190
2106,0,9763,25697,25697,22278,26982
2107,0,5387,19686,19686,18840,14966
2108,0,11096,20031,20031,20034,27436
2109,0,4063,23929,23929,26515,26069
2110,0,12404,19626,19626,22975,18494
2111,0,11356,17374,17374,19989,19994
2112,0,2697,23650,23650,22854,24420
2113,0,9220,17567,17567,25844,19173
2114,0,843,17952,17952,23040,15132
2115,1,11755,25750,23852,25750,23299
2116,0,8957,14997,14997,19098,25136
2117,0,7152,15902,15902,23169,19828
2118,0,11877,22794,22794,18100,22792
2119,0,2853,20058,20058,21738,19718
2120,0,6409,18722,18722,16381,18394
2121,0,13234,15318,15318,19958,15314
2122,0,3893,19523,19523,17303,17306
2123,0,5922,18000,18000,27495,26060
2124,2,4383,23820,25278,25787,23820
2125,0,3211,20921,20921,19573,19319
2126,0,13833,17060,17060,17554,24977
2127,0,5267,17045,17045,15904,15294
2128,0,9405,26749,26749,24518,19629
2129,0,2873,22043,22043,23195,21937
2130,0,11958,21732,21732,19669,22969
2131,0,6056,21582,21582,17804,16577
2132,0,13431,16788,16788,15526,18449
2133,0,13260,21149,21149,21405,15883
2134,0,967,18394,18394,16381,21229
2135,454,11397,22654,15258,15259,17464
2136,0,3542,19423,19423,23230,15633
2137,0,14295,18653,18653,24803,22458
2138,11,6179,24119,26664,27512,26239
2139,0,8491,16873,16873,17834,16515
2140,0,12218,23976,23976,20910,24468
2141,0,1494,19344,19344,19341,19342
2142,0,9079,26309,26309,26436,26178
2143,0,10024,22514,22514,25362,18700
2144,0,684,25285,25285,19665,26143
2145,0,1125,17719,17719,16540,21606
2146,11,2894,19268,17807,23464,21775
2147,0,10231,26052,26052,25722,25173
2148,0,4798,25722,25722,15813,16760
2149,1,8651,15764,17595,15764,19466
2150,0,8375,23687,23687,20348,15304
2151,0,4464,18781,18781,20669,18301
2152,0,1128,21049,21049,16090,17018
2153,0,311,19753,19753,17768,21598
2154,568,14218,22581,15451,16765,18532
2155,0,5156,18149,18149,18153,23366
2156,0,2791,23205,23205,23189,17082
2157,0,13151,27638,27638,27399,22356
2158,0,2814,25868,25868,26450,23613
2159,0,10601,20444,20444,16349,15018
2160,0,12437,22059,22059,16721,16722
2161,1127,10204,17213,25742,23572,14951
2162,0,12966,27107,27107,21921,27380
2163,0,3499,20110,20110,20109,25042
2164,5,1653,25787,24953,22913,16449
2165,0,5663,22271,22271,22273,18647
2166,4,328,18280,14991,17115,14999
2167,0,1324,16671,16671,22040,16425
2168,0,14311,24117,24117,21339,19858
2169,37,14066,21184,21191,22300,22573
2170,0,6857,16883,16883,15074,15131
2171,0,11561,26686,26686,19675,20230
2172,0,2216,15540,15540,15537,22254
2173,139,3901,23572,25689,23169,15131
2174,11,4002,26000,16522,23053,23368
2175,0,13635,22166,22166,20724,18212
2176,50,4052,24286,24928,24346,25603
2177,1,6121,27041,23189,27041,24375
2178,2,1932,22975,25409,18494,22975
2179,0,7911,27164,27164,27523,19206
2180,0,3896,24934,24934,25865,27722
2181,0,14043,20860,20860,20503,17166
2182,0,11150,18196,18196,18277,19828
2183,0,12309,24849,24849,25416,20425
2184,2,8213,16481,17245,17248,16481
2185,0,4532,18946,18946,18939,18679
2186,2,4157,23945,23937,23946,23945
2187,2,13498,20380,20389,18660,20380
2188,1,13185,18595,15657,18595,24248
2189,0,5760,25920,25920,18793,26834
2190,0,2574,14979,14979,15048,25809
2191,0,10086,21695,21695,21696,20921
2192,0,2527,24560,24560,18793,26400
2193,0,9862,27202,27202,24655,25507
2194,0,1475,19948,19948,22421,25501
2195,0,42,21902,21902,21030,25902
2196,0,384,17523,17523,27168,17785
2197,6,3353,23053,23424,21655,23189
2198,0,12827,16749,16749,24411,15731
2199,0,1843,18671,18671,20131,25891
2200,0,10031,22593,22593,19206,23143
2201,0,9852,17929,17929,21553,17932
2202,0,8400,18518,18518,18499,19167
2203,0,6214,27515,27515,27151,27069
2204,0,7052,17038,17038,20835,19516
2205,0,13313,19028,19028,19481,16303
2206,0,4881,20113,20113,15242,20819
2207,0,3283,25111,25111,20454,23833
2208,5,8915,22977,22080,23542,26535
2209,0,3702,17232,17232,22794,27107
2210,0,6512,20857,20857,20859,20848
2211,8,13583,23414,19828,20263,18618
2212,0,13677,19941,19941,19937,19067
2213,0,12887,19349,19349,22515,24232
2214,0,14300,18802,18802,15937,16647
2215,0,6068,18301,18301,20380,20389
2216,0,4827,17757,17757,16050,15179
2217,0,8810,20109,20109,16944,19663
2218,0,165,26392,26392,18671,27233
2219,0,3370,24658,24658,21084,25300
2220,0,7530,20307,20307,21286,20772
2221,0,13513,21999,21999,21998,15698
2222,0,4959,17133,17133,23366,25760
2223,0,14426,23657,23657,24429,21261
2224,0,1319,17804,17804,16577,21582
2225,6,10370,23544,24447,25337,22648
2226,0,3195,18554,18554,18566,18565
2227,3,11876,22330,25191,22616,22294
2228,0,11798,21403,21403,21687,21406
2229,0,1552,22723,22723,19141,22539
2230,0,1784,21621,21621,27577,27318
2231,0,10273,21868,21868,20540,25709
2232,0,1021,20584,20584,21625,21357
2233,6,3907,27322,25117,26913,26059
2234,0,2850,22979,22979,22829,23248
2235,0,8371,26150,26150,23047,23763
2236,0,7894,21380,21380,25476,23350
2237,6,2358,21701,17541,22165,27512
2238,0,7959,17940,17940,21553,17922
2239,0,12690,15036,15036,19521,16844
2240,0,9765,24562,24562,27577,23229
2241,0,2596,21696,21696,26345,21695
2242,0,20,25476,25476,21380,25523
2243,0,9842,24472,24472,26150,25603
2244,0,9323,21790,21790,17815,18167
2245,0,14586,27161,27161,23988,21084
2246,0,2117,26262,26262,17405,27230
2247,0,734,16846,16846,23282,20963
2248,0,6822,19148,19148,16415,18620
2249,0,210,16843,16843,19796,17626
2250,0,5116,22299,22299,22300,20430
2251,0,13533,17799,17799,27244,21211
2252,2,481,27623,24643,23847,27623
2253,0,2676,20452,20452,21754,16993
2254,0,10681,22526,22526,24126,21920
2255,0,7024,23229,23229,24562,27598
2256,0,102,18647,18647,24603,22273
2257,0,12121,15018,15018,16273,17952
2258,1,14272,19600,18128,19600,21840
2259,0,402,21410,21410,25117,26059
2260,0,13225,23613,23613,25519,23724
2261,0,4077,15372,15372,15352,15354
2262,0,10097,16640,16640,17827,22916
2263,0,11764,23037,23037,27576,19206
2264,0,2718,19554,19554,22636,24741
2265,0,8968,20845,20845,17051,15895
2266,0,3093,16089,16089,23393,16090
2267,0,13428,18500,18500,23457,25089
2268,1,5465,15363,15669,15363,15909
2269,0,9861,18962,18962,19315,23356
2270,23,11097,15134,18581,24286,20484
2271,0,4099,26454,26454,27595,26539
2272,0,14730,22177,22177,20394,17250
2273,0,7772,21374,21374,23472,21896
2274,0,5497,18286,18286,19207,19772
2275,0,5962,23382,23382,23106,18751
2276,0,6429,21376,21376,24606,23248
2277,0,9758,25143,25143,25441,16398
2278,0,7016,22309,22309,22312,22582
2279,0,12926,18758,18758,15074,22508
2280,0,4038,16770,16770,15936,19328
2281,0,2267,19338,19338,17325,21737
2282,0,14029,16830,16830,16325,16727
2283,2,164,27233,27256,27252,27233
2284,0,2854,26178,26178,26433,24896
2285,0,2379,15144,15144,20323,15443
2286,0,6078,15549,15549,14975,16139
2287,0,12780,17715,17715,26328,21765
2288,0,10577,15909,15909,21765,18733
2289,0,13594,16936,16936,21655,23189
2290,0,7853,25027,25027,26569,18011
2291,0,4724,15899,15899,19966,21868
2292,0,10133,25459,25459,25237,25136
2293,2,10165,16435,15825,16439,16435
2294,0,6283,21522,21522,27704,25654
2295,0,6086,27609,27609,27595,24869
2296,0,10757,15939,15939,21385,17135
2297,17,4607,19731,18579,21896,18143
2298,0,12936,21185,21185,18890,21186
2299,0,582,19144,19144,18894,22791
2300,0,10617,21191,21191,24434,19701
2301,0,1934,20450,20450,16130,16232
2302,0,4583,25430,25430,22913,26041
2303,0,5954,19031,19031,27172,27173
2304,2,6190,27457,27670,27657,27457
2305,0,11439,23724,23724,23123,18323
2306,83,8383,21671,23231,25367,21884
2307,188,5183,25300,24775,24768,23626
2308,0,14107,17453,17453,16225,18402
2309,0,163,19433,19433,15704,16814
2310,0,280,16262,16262,16227,15407
2311,0,7153,27683,27683,27350,24562
2312,0,9593,26602,26602,17827,26674
2313,0,5612,18627,18627,21668,15960
2314,0,3023,26542,26542,27547,26515
2315,0,4323,23696,23696,27647,24511
2316,0,1127,24125,24125,23650,21564
2317,1,7065,16048,17762,16048,27113
2318,41,5686,25379,18499,22854,24699
2319,0,5951,15813,15813,23320,23318
2320,0,12394,20451,20451,20759,19960
2321,1,14720,17818,22215,17818,27704
2322,0,3847,15448,15448,24913,16225
2323,0,4138,25442,25442,24161,21074
2324,0,2503,23200,23200,24449,27468
2325,0,12538,19681,19681,21722,16840
2326,0,11739,17932,17932,16232,19856
2327,0,14151,20835,20835,19794,20323
2328,26,943,19489,21566,23734,20523
2329,0,7919,20711,20711,15880,23132
2330,0,6,22950,22950,21137,24811
2331,0,4933,17159,17159,17295,19053
2332,1,475,26742,24326,26742,25088
2333,17,520,26336,26664,26587,26239
2334,13,11478,17147,15771,16669,18620
2335,0,12090,19573,19573,19571,19584
2336,0,13733,21406,21406,21687,21405
2337,0,12532,18010,18010,19594,23972
2338,0,2481,18033,18033,22684,22682
2339,2,5307,19108,24318,23820,19108
2340,0,8049,16960,16960,18820,16303
2341,0,2250,22080,22080,18222,16684
2342,0,6173,27140,27140,24398,15215
2343,0,14053,26430,26430,22442,23091
2344,0,2447,26532,26532,25300,26807
2345,1,11704,23040,17952,23040,15241
2346,0,14285,17029,17029,23741,15565
2347,0,326,20840,20840,16785,20855
2348,0,1975,22597,22597,22619,21566
2349,0,7163,27167,27167,27786,27744
2350,0,8598,16173,16173,20739,22252
2351,0,11906,24447,24447,23891,20076
2352,0,9703,20646,20646,20635,20178
2353,0,7738,27297,27297,27296,27299
2354,0,9543,25968,25968,24869,27128
2355,0,12333,15504,15504,23037,21385
2356,176,8511,20263,18196,20105,24061
2357,0,12122,18733,18733,19098,22215
2358,0,8818,22371,22371,26669,27386
2359,2,493,22435,26749,19629,22435
2360,0,13060,18458,18458,15092,17235
2361,0,10379,20992,20992,21920,22526
2362,0,14203,15244,15244,18019,15284
2363,0,3835,15215,15215,19948,18143
2364,1,4990,14966,19686,14966,24737
2365,0,13270,19011,19011,19009,19015
2366,0,4781,26060,26060,26511,26577
2367,1,1185,25816,26271,25816,21802
2368,0,1469,25884,25884,27662,27647
2369,1,5862,20124,24234,20124,23254
2370,2,13731,23881,17706,16754,23881
2371,0,4792,18906,18906,26400,25523
2372,0,12445,15543,15543,17390,17084
2373,0,9947,18494,18494,19626,25409
2374,0,118,15888,15888,15764,18666
2375,1,12412,26134,18856,26134,16923
2376,0,3226,18344,18344,20564,20999
2377,0,6864,24161,24161,24312,25202
2378,0,10176,24621,24621,19861,22928
2379,0,2341,22421,22421,25654,23884
2380,0,3648,19882,19882,24111,21896
2381,0,5159,25310,25310,23903,26068
2382,0,13778,22254,22254,24233,15537
2383,40,2783,23575,25787,25603,24346
2384,0,3904,20683,20683,20678,20679
2385,0,11795,26019,26019,23651,25627
2386,0,13782,16343,16343,17612,23687
2387,0,10505,27644,27644,27608,25847
2388,0,2896,16282,16282,22014,17856
2389,0,4176,25771,25771,27127,26915
2390,31,11912,19594,25089,20543,15171
2391,6,14223,19442,16633,17161,23148
2392,0,1384,25749,25749,27422,24537
2393,0,13613,20386,20386,19149,20389
2394,0,13870,21646,21646,18624,25089
2395,2,3774,16165,17976,15574,16165
2396,0,63,24368,24368,23143,27114
2397,4,11314,23578,15910,16048,18337
2398,0,11269,16182,16182,15504,21385
2399,0,3800,18408,18408,16515,16264
2400,577,14036,18895,21921,17711,22652
2401,0,13271,25496,25496,25726,22160
2402,0,4708,18096,18096,25348,21575
2403,0,3543,26495,26495,26497,26496
2404,44,13876,25623,22215,25976,25115
2405,0,9470,23144,23144,22882,16491
2406,0,10241,20852,20852,23260,16528
2407,0,9027,19101,19101,23085,20352
2408,9,9741,25423,25603,24757,25787
2409,0,2210,21770,21770,19813,18202
2410,0,13392,23058,23058,16523,26804
2411,0,4946,15120,15120,20314,15366
2412,0,8164,16924,16924,17250,18381
2413,2,6975,19169,21945,18360,19169
2414,1,13927,16722,16721,16722,22834
2415,0,14221,17387,17387,20263,22680
2416,0,5993,25598,25598,27256,27252
2417,0,3124,26847,26847,27559,27026
2418,0,7412,22253,22253,23367,23983
2419,0,7973,25936,25936,25136,26361
2420,0,3803,27376,27376,27468,26137
2421,0,13394,22227,22227,15899,19966
2422,0,12059,17263,17263,16109,19962
2423,0,11107,23170,23170,25462,23551
2424,3,10841,22616,25191,22294,22297
2425,24,12152,25809,26535,22953,21897
2426,0,7421,27350,27350,27683,24562
2427,32,2386,27662,27192,24511,27468
2428,0,11417,15133,15133,23245,15141
2429,0,4302,18825,18825,18734,21989
2430,0,12314,17161,17161,23148,16633
2431,0,5733,15537,15537,15540,22254
2432,0,9966,20368,20368,15956,17056
2433,0,4436,26059,26059,25117,26172
2434,0,11887,27104,27104,16474,15122
2435,0,9779,19755,19755,21286,21283
2436,1,12248,20085,15864,20085,18996
2437,0,2177,24811,24811,21137,26192
2438,0,11170,26360,26360,25378,26548
2439,0,11699,16705,16705,18964,16220
2440,1,13752,18321,18323,18321,24073
2441,0,13088,19053,19053,17295,17159
2442,2,871,26865,16212,15674,26865
2443,0,2911,20653,20653,23113,24373
2444,0,10088,26330,26330,23366,23988
2445,0,12591,22575,22575,25561,21028
2446,0,11585,23299,23299,23976,24081
2447,0,12931,16220,16220,16265,17361
2448,55,11702,27539,27595,23229,27577
2449,0,11410,17073,17073,18536,17390
2450,2,1132,27229,27132,24447,27229
2451,0,13375,25343,25343,25679,27386
2452,0,11266,25174,25174,23395,24924
2453,0,2796,22307,22307,23445,21566
2454,0,12288,16061,16061,18207,20747
2455,0,10457,16533,16533,16227,15407
2456,0,2812,15360,15360,20893,21244
2457,1,10712,21687,21405,21687,21406
2458,0,5234,20681,20681,17135,19469
2459,0,12258,19125,19125,19123,19478
2460,0,1129,16857,16857,15159,17328
2461,0,13875,21907,21907,22339,16488
2462,0,758,16306,16306,19088,17166
2463,9,3914,25683,19652,22138,21614
2464,0,5341,27033,27033,25304,27230
2465,0,8964,21053,21053,19861,24561
2466,1,9980,25362,19354,25362,18724
2467,53,51,26886,14956,23148,22765
2468,0,13465,25591,25591,18556,18471
2469,0,9893,27442,27442,27178,27481
2470,0,7029,21385,21385,23972,23502
2471,66,14523,24449,23015,19141,18895
2472,0,219,24219,24219,18352,24784
2473,0,9881,23950,23950,21655,19973
2474,0,6722,19001,19001,18616,17541
2475,4,11229,20765,20551,20669,20766
2476,0,2744,16660,16660,23727,21499
2477,76,11777,26361,26004,19882,27761
2478,0,4719,25848,25848,21470,21095
2479,0,2666,19999,19999,23673,16800
2480,9,13421,17084,19859,23438,22458
2481,0,4376,25614,25614,25296,23652
2482,3,1210,21308,19207,21307,18286
2483,0,14180,18222,18222,22936,15305
2484,0,10849,21876,21876,25743,26992
2485,0,1068,15087,15087,15747,19149
2486,0,9107,19675,19675,26686,20230
2487,0,2798,26689,26689,20130,25270
2488,0,12802,21920,21920,15956,22526
2489,0,4066,21693,21693,23793,17818
2490,87,1801,17293,23572,14951,23582
2491,0,8558,20131,20131,18671,20132
2492,0,10063,27560,27560,26653,23847
2493,0,251,14999,14999,14991,18280
2494,0,12805,15138,15138,17417,18882
2495,0,373,25286,25286,16523,25277
2496,0,8699,20500,20500,15003,22602
2497,1,8037,26615,21261,26615,20540
2498,0,12296,19927,19927,20034,20039
2499,3,11604,27386,25679,25178,25343
2500,0,14324,17620,17620,17085,19196
2501,0,2288,19381,19381,19164,20999
2502,0,7282,19063,19063,20701,20702
2503,0,4682,25088,25088,26742,24326
2504,0,9615,21451,21451,25373,21674
2505,1,9000,20324,21176,20324,20389
2506,0,9925,26459,26459,25140,21636
2507,0,5597,18966,18966,18334,18533
2508,0,8512,22558,22558,23113,23675
2509,0,12982,15048,15048,25808,24802
2510,0,6768,26226,26226,21435,24593
2511,0,5310,18926,18926,17510,20314
2512,0,8319,23974,23974,17781,26965
2513,0,14570,17957,17957,17110,19196
2514,3,4335,21911,24468,20910,23299
2515,0,3458,23039,23039,23563,23903
2516,0,11366,20348,20348,26624,20347
2517,0,13190,18056,18056,23195,16310
2518,4,11469,17219,17323,18304,25379
2519,0,4161,22949,22949,22950,22929
2520,8,3367,27759,26647,25430,25837
2521,0,7004,27786,27786,26178,27498
2522,0,1050,27599,27599,21974,23958
2523,5,1999,24937,22083,22421,25501
2524,21,9477,24992,23650,23331,23193
2525,0,9163,16070,16070,23562,25180
2526,0,3089,17403,17403,19656,23920
2527,3,5125,14975,15015,17578,15130
2528,0,12759,21286,21286,19755,22252
2529,0,9228,25929,25929,25166,26572
2530,1,6299,25505,26095,25505,27782
2531,0,5505,24537,24537,21989,16291
2532,0,2148,19046,19046,26992,23752
2533,0,8557,22189,22189,23207,17815
2534,3,12544,19061,19121,19191,18929
2535,0,9874,19123,19123,19125,19478
2536,44,5375,27203,16452,16671,25742
2537,0,3913,22405,22405,27106,24130
2538,0,2855,25541,25541,25535,19015
2539,0,7532,25273,25273,26191,22791
2540,0,10449,21553,21553,21848,17929
2541,0,9849,17732,17732,15274,19281
2542,0,5198,16669,16669,23582,18337
2543,0,13942,22791,22791,25273,26191
2544,0,6863,24162,24162,24633,27682
2545,0,11024,20754,20754,19442,15883
2546,1,2163,18231,18228,18231,18229
2547,0,14660,23020,23020,23558,25819
2548,0,13588,21499,21499,16660,18536
2549,0,2766,15969,15969,15025,22299
2550,0,9989,26095,26095,25505,22953
2551,1,3290,24415,22327,24415,24061
2552,0,2478,24644,24644,25304,24643
2553,0,13658,26842,26842,24049,20963
2554,0,583,15242,15242,18041,20819
2555,0,5636,21017,21017,16291,26345
2556,0,14410,18483,18483,19958,15318
2557,0,3571,19873,19873,20246,18733
2558,0,9648,22552,22552,22661,25683
2559,142,4026,22165,19571,20415,23562
2560,1,8198,25724,26463,25724,25394
2561,0,5098,23972,23972,26886,21385
2562,0,2522,18381,18381,18380,21188
2563,0,6426,21648,21648,21775,21581
2564,0,10467,16666,16666,16066,19478
2565,0,12571,19036,19036,26407,19037
2566,0,10844,20586,20586,21884,22008
2567,0,14735,23107,23107,19196,23573
2568,7,8312,27595,23229,26752,24555
2569,0,12084,21883,21883,26521,21339
